,1, 11111111 212110. LFFI. 00017111. 139

Libro 1212211002 21 1111111111οΠ2 0122101111, 111111. 21111 HF-
1121110112 12 11101111· Το111121111112, 1211. 1669. 4. TuFFFae
1111 021210 quo 1021012 11011111 2111016311. 11112111
10121021110111221101111111. 2 112 11101 1111111111. 0, 726.
0110,11111222111Τ11211110110011111211201ΜΤ
C 1101101· 00111211011101112121011 111) 0111121011 11111111-
01010011 1211111112 11111 0101100111102,112112111100
0111-’,111711 1 111 111 1111011111· 11101121. 0111111112
11101211 111 1121110 111211111111111111121111110
112111022200111020010111011011011110111111111111211
211111 1111120111, 12 2101 111211110111-11 ’111010111121121011001 111
111111110εο 011-0211111111 examinavit 1211. Τ111ιβ111.1ι1
jn 1111111111 1111110121 21000111, 112 qua 10111111
11111 11111101112111112221110011110111101110211111000110
00691. 21111110 111011101011101 1102111111112
102011110012101111112112112111101111100696121110211
1211· 1.. 21111012 1100011, 0111011111120 10111111011002110111101·
1111,01111012,11117111210112001111010,0112101201-

11 1102110 111100 703 11111112 2011112111021 0111111

ω’· 1,, . 21,0001110111011011·21111, 1011211021111111011101 21
121 101211211110121211111010220110,12111111121011
,1111111101 ’,0111 111 1111101111111111012,111111112111001111111111001
211201111111111111221010110111110212111212221111, 00012012111101,
’ 0211110110 1111111111Ῐ1111101111111111 11111110 00111 1111010111
1)-1122021111,111100111111101011110111112112,00111111010111
0112100201111101120111111]1)021111121’1.11,1111)2221111111,Ι
111110 0011 C 01211121011111121111101111101οΜ1001 00121111
1.ος711,11112011.13.

0122101111· 211101210121111 11011111101111011211010111 apud
Τ1111011001 T11111.2.'42'9. 21 111 1110 110011 1,·11111112110111
’101112 0. 726. ubi 112 20101111 2101100121, quam 10 CFFF-
010101111111110. 618. atque 111 021211 011111111111111111111111.
01012 111111. 1122 11011111 gemma 1101111 1000112021010 p. 71.

1112111011

11 1101- 121111010012210111 00331. 1211011102Ιο1111121 012112011
,1”) ,11110111121111111111111-0111111110111011111111111111111

FFFFVFF 21 ’211011 11·(100111211152· 2121111110 insula 21111110111111011

1111111111021111111’1112011010ζέ0 9211121111101111111021,1202111)·171

 

