111 11111110 111 11111111, MLCXJJ· 425

4 ’6111111111 E. 2414. j 111111 1114463.
[161111111111111111117 1111,14..11 6 44.
111 1C414 1111111111. G 3 213, 9,96.1111,19·4.9,1410.
¹ ¹ 1111994. 1111· 96911. 46496115.
4 111 Catone 1111111111, G. 3. 6. 611.111,164.
9611911442, 4 . Philippica 4111111111, 4,
Οο111111111111.11,703. 9411. ’
111111111111111111. 9. 446. 111111414111111111111111, 94117.
Πίε111111111)11111111111 1111111111. Ἰ.111111141911111111111..1449.
111, 91749 044 3,.600 4, 1111’11’1.1111.7,1.
4749477, 4111111111 94411
1111) 1111411 6,)877. 11111411111111. 9 64.
1111)111111’111111,9449 7,1ζ”1’1114110(χ1111 111111,
259· ’ . 111.
Ἰ(1111111116.6169, Ἰ41111·111’111111111.11917.Ἰ
’ Γ 1111119674. 11111111161111149 Ac.
11111111011110,431.19914.
11111111111111. (1.1 ,344 ,1111111111 chepufflicaG.

414C. 111111111,11111 11111Ϊ1111111-4ῃ47,
11111141111111 11111611611111, 111, 9. 431,
(11111941111,1,49 4 614. ,4
111 1111111111111. 1114179. 1111111111111111111 41111111). 8,
11111111- , 421 ·
1111111111114411111,11111111· 111111111111.1,164.
1144111111. ,(11.6,61191 1111, 4414644991.
276. 11111. 9, 69. Sestiana. 111, 1, 131. G. 8,
1111111111111111,1191111. 694. .
1934. 111. 4191, 4, . 5111111111, 4174.
41619714. 1111111111111111. 111.
41111 1111111111, 111. 9614. 43
999, [11111116 (11,,91
(111·1111111111111.(1.1,491111111111101111111.11111 Ae
133. 411111147117. 144431. .
1.(11 (1111111111, 66111 197114. ’111111111111 (141111 112,
1111111111 4444 11114111 7.1)1·.1,9997,7,1>4,
1111111111 11111, 11,,40

 

