134. 10111 111 0111101111.

111 Amphitruone 414, 74 A7 77 7777 747.
1011101111 33143, All 01111141
111 1111110139, 76. 73 A77 01110111 11141.
11110101111134131. A7 stop 7777 1131133103, 140,
InCA 111131 110111100111171.
11101011111111107631. 7101111136117,
10001001100034 74 76 10110103110111111111111.
1101ρά10032. 1101101011411076,
111- 1111010011111117) Ao 68 A777777 77st777 11141,
1111111 011010 74. 777. A77lll77 111179
111 11111111 4101101013. 79, Aul-7777 76. 32.
11111011111111 111. A7777ll777 04111111 74. 71374
111 11111110 pigro 7477 0011111111 1303 31,
1111011173. 00111111 1110110109, 7236
· 1010111010 79. 76, L 001171111111111
111 Pseudolo 73. 111 Annalibus 36. 39.
< Plautus in Sticho 79. 0117111177.
111 Trinummo 75. 73. 1111111110 04.
111 1010010010 4670103. 0114171401 1434639143,
Plauti 11111 1111111111 111011- 01114β441ν11,1101110 10110111-
. 1111111113. Ἰ . mus 1011411 01 1111,
AA 111-..1910111643 1114114101 0710111101,

1111111011119033 01111111 176 30
0111111018101( 71. 0111111111 1111011117
1111114111 0110111111 Salio· C0s7777l777 57.
10111 64, 1011011011111111 62.
777. Afr77777'777 72. , 010111 97. 103.
11101111301011061. ¹ 010111 11001111 4111110110εο
0111110101 60. 00011101110410111 10114111
111140111143. 101.
1140110000 ²7· 73· DA 777707 777777
ἢ11711οΓ11 77¹7 1011101133. Dl07 7777fiz7787ll2 077l775727.
Αἱ* 1111111101 97 109 110, (1110011113910131 1761.
127137 ⁴ 18 27- 27- 39 45 56 00
Γ101111104411101141111101. 03 6970 71. 7275?
,413101111190 77 73, 79 31, 113 140
{A

 

