JJJJTJOJJJJ. ’61616171 ...JJ'J 367

11171111,11011111011,’1,(711’111117111[1[[1[111 1101111117171111.
1111110111661111111(11111111111111100111111011111-
7771711111 1111111111 6 01611110101161111111110117111161161111101,
ῗ1111111,10[11 66 11110116 (11 1111.
J 7111111111[·11111 [(611 [71116111 1111111301 J.)-
. 7717116111711717401011 [(1111 11111111 1111111 ,.11111
ἦ11111111111111110171111111(11 7160111111 1111161116 ’
1111111111([117111111111111111Ηο1111111·111111,111[711[[
[11161111110011171 1.,74 166110,11111111111111111110,
[11111111111111111111111 [1111111111 (1111111616 1117..
[[1111111, JJJJJJJ‘ (1111111110 11101 [1111111111
[[1,(1·11,[1(14,16[.Μ11.10111111, [1116111111
’ [(1711ηο 1116 [111111111131111116111[[1116111661616111161116
1111111101·1111[111,111111111[1111001710,4,[.1’11111111
11111111 ··1111[1111[111(,[1·· [1110111101 ..11111 11111
[1 55 0171011116, 11]101001171111110611611’1[)’6((11·7)01·,1,1·0111111.
1111110116 11611111111111111[11[1111,[(116111111.31173,4
1111111111, 011111111671111116160.11101 SJJJJ
[0101111111 JJ5‘J5' 6.J5. J JJJJJJJJ) 111100 1111611 116116,
116111 [17660. (1111101111 [1111117111 ,1111 1111111( 1116111 ’111600
7,,1111111111111116111111111)·111111,17760 1538. [1110111
[1.·1111111111111111,711111161111111111(1111[111[01111111110·
7111[111171111111111110116 1436, [1111616 01016111 0
J 1616111161111111111611111111111117116166111([(1106716·
[1161111111111111111111110111[6611471711. 11111616 111111
(7111 111111[·11111[1(1[’[[1·.1111111111111111166111601116611
1111111110 11110· 1111111 [1117111116111 (11111016
’ [111111 11011, [[111111017111111 1711111111 [111 1111110111
, 1101[·[6’..1.11111,171.[411.11101611111166161711111(1(111111
1111111111· 10711111 [111 1111111 11101116 01111111 Jb [1616161116 [11111ω
1116111111111111 [7106111116 (1111161 1166010600
· 1767, (111( [710111 (1171116111011,

1·1-11

111. 11111111311116111111111 ’,1.10171. [111 111111 7111717
1111771111611111171717. [1101171411.

JJJJJJJJJJOEJJJJJJ [11101111 11111111 111170771176,

 

