6111111111 1111011717. 89

debuerat (1161111 )11’616,6 6161 11616116 11166161 111 4443'5414114'4310
11501111861111161, 6111111166111) 111666 propiciam 1111111

()ἰρ {jsfflt 415414 116111111111111]1166’111Ο 1111161111 1116116111, et
1161611111-«111111111111111111611111 (611611111111111111111116111
Graecorum 16111])6161161111[1, 111 11111111111111111611611161
0111111111 1111111111-’1611111161111111, 11111618
11661111176111. 76. 116111 111111 1111116111 [11111117. 171111
55. 111116 61 D1051 611-11111111). 1611 611 D25. 11611, 89. 616167, [(1
8116 611 C444g1444 54. 34 6111161111111111616116661111661
0166161 11601116 61].) 61111661111011111] 45
116 4144410 H111141141P11144 1111111116,
VCOA1414144¹ [116111111161161 1116611611 1616 16111 11111(11[,111[111111[
[16111111 (1116661111 11111 [1611111 6116· 1766111 11111111611111111111( 42-11
10114m144441·.1441414 4141115114n114111111140444 ,6111611611 1111
]16111”611,11 (1116161161, 1167671166, 1161 1111161116,

Lesbi 1111 011611’,1661111 1]111 541 ,116111 (1116111111), 141-
1611106161111111111.) 11116161111111111111111,1161116111·
16111161 1111166,,11[ 151114'14114 [61111661111 116111, ’)18, ,1)]]]116;
1455141474161434411 7116761116 1171111111111111171-
7616 μελ61176117767767 11111··.1·11· 11116111 111111.
1111161111

111111116111161111111111116111 4··4144'14·11.1115411
Ρ661111111116[11116116616111111111]·61116111]11611116 1116111116
C04441440N1p14 1111166 111116 6661111111611111611111
LXII. 1111111111],111111111411111161111116171111 611166
111,61166611111111111611 6)6,11]116711611111111168])]11 11116

7))611116])01011111[116116;16111 1161111, (5414 1111111·
1161116 1111111111· [1611111111 111111 16111 71)( [11611 11111116 11166111
Luget: 14111445111G414441144414 444141141 066111611111111
1161111161611 111 1111 11]1111, '14411111V14014111fi14111 6. 1 (11111 phua 41
011611111611611111)]1.144.11,1 1111105414114414444' 111 1117671711,

F5 144

1) Carmen (1111 11166111 14104414314111411444253141
14. Vo4 111, 6111116111 ,1111 (166111 1116 1441 61111161) [4141.
{5515515535155451LpsTCprpnp} ,’111116116 )Ἲῖῆ]1]1]]161))ἶ1)(π1111116111116 =

1]p112.114114141111 6611161 p 11)(’1111111161Χ11ΙΕ
1041441444114. 1044145476.

 

