Τ.Ι411111

4444441441. 144410 5554 555555 1. [444444644411417411444
81[[4644104414·444(14414041040414441144444444

8444444 05 41144 V 5 [4444 4144141444441444446 555551555
447414444444441141114144444492 1. [4444464144411148144844441ΞέἸ
[44444444 1141143 [6140440114144441144. 144 [(1.4 5572 *⁹555
[41444 444444444644616444446136411[[44444411488447ι
14444464 41 [44 44444 44 414492

[³555st555575 4. 5543. 1. apud 114144414444444 4414414Ἣ
1444444444 repetit Gryphianam 4, 1542. 44111414 [4444444
culis 446414Ξ34144111414 eaque repetita [11 4. 45421. 555515
Item 557 2. 5. 14444144. [1441441444 [44444444 1444441444.

Tum 1144044414 officinae 5505 1244414144·
’ ’14111440ερ444 555555555 5555 ed

1111144444. ’4 4144114164 444440 quidem 5555. 8
1141144 mm 4444414 [14411. [1041414444 5 [7444244611 5„
[4444444141414144444 11144111444444444411444 414 5
1441414· 1444444446 41414 [44444 61444444 446414, [44444444
1464444441 4.4468,1,44”78.1.44”4’418144844444444,
[1441144668. 14609 8 4649 8. 46281. 4634448 5455
14451b55515555 4444444 [11144434 p155‘55550515555 444Μ
[4444444444 444444 »144444 1444444444441446444644444·
464946244444444441644444444444441144
3550555550 5555 441144 4 1448646444 144116414044444

1444 0555. 1114461041. 114444 055'5555 1441114414
4045155554515‘150 [41444444 [44444441 6411
1144114444144444444668 116442441141
47444414.4·444414441.[“44444441144· 444414 5515ss 5³.

,4 44. 441 1411111 1114111111 ’“’15 Εἴ [444 ’.444-444··

 

