1111111711· (1111151111. 1111177113(

..(18.4444 5550 68 81).15(185,1315.(11((311.

1113181· 814 815 0881
(5115158888)

3131313 135, 18, ”’3573
...811111551111151551158111
88118111 111115581815511551111

334817811157314877 J....‘5151111.1

511511118181 1, (1.

111118811119.
(51) 1111111117) 5012855

51111517115058

(’,,1, :81111825- 37133511.
33131, 311. 35181211. 288.

3313, 33313,333,.(51151’1 ...3371
1154151 1151..) 17111.

1(3781111(111,.

83147114 71 ).844841·4’) 71111 ..158

331371511117171, 111.
8118814744 (18.5·
315785 (81

43 7113

{818 5( 71115,( 5,(18.
451171 11117811).
1513,118(”’(3·,1311573..3.1
131. 15 8315331311.
47171. 81145.

’,7131)(1115.

(815. (811(

87417.) 4444 A

444. 747. 7741783· 88
151115

877778· 73177
511- ’748 3814 418448

((1181) 11( (1)· 111131). 71114141

1.(3111311(

1114115(
7·17)·1

8,‚'1J5.45J5

,88 73,
5153,3.1((1.1373,.5547.

4177· 5118· 88115111.
(.1((13115,1311.3513.535,
383. 11,) (1.111 185
811311811111,(8,(.11815,’.
811( (31381151 3931(
(1111311155, 11811,,9 ’
178'
88 81111 31181111), (1.3, 79. Ae.
11,(1153.
811 11111815, 111, 245.
811 1311811711. G. 1, 1186. Ae.
441474.
8517351837( 17, 438,
81111 (17111111 G 3, 159.

,31333615

451. )1,11113,139’.1,..3153(
8444 874474.)- 81444488·
115 171. 1871151. 115·
481 48445 4· 444744
333, 3·.1..1.81 (1113113,
447· 8..887 ((844 8.(4118
(511415 ,8151·.(13;13.,6155(

5571411151( 814
13 15( ((1.3 351·,3(1(11..(
(13.1·,1331111111 (1( ’
181

{11 71171 1711101111 11111151 1111115111115155511-
181111111111319 ),710,
81811113111115,.3,5(·.1,
11(11111.311’88.3,13
7((11777(4.(.7 8552,

8518 85188,J 1721778,7771111111111 51111111111111185

A1111115514¹ 115151

7.(1(181’511·,]1ζ,(1,31,1”;,1,313 77111117
7488314111, 5558*

747.8·,’ 1 (377781).
7774833704

 

