114 1110 1100· 4141. C1141 ΧΠ. 364

041111'31 11131110, 1111111001131011110 001111111010311101
ἓ230 ,1,01313 11111 1111101111011·

111113110011011110101] 0101101011011111 1110313303
,310111111110130101111,1113111111001017011111111111010
311]1,1,1111.]111161,1013. 4144331' 1101311111, 1144..1659 12. 1144444
11011117. G 11]] 111311114111414 1111101111 114 414113 1114144. 1111111
,033111 11111 4133411414301 ·111111111103· ,10010101111111-11011111
410313 01031101110113110111. 11110 1111, 0001310 11111110
44433344i13 41441143444416808 1111111111 ’1110011111

[111441310 31101110111111011111131110101111103100110111

1011110 111111 11111310] 0110101111 1144114141 1111101 [114-211 141 443
¹ 1110111110] 1434111'113111311133 1111111110101130111110011101,
11110310111110111,(3111110111011111111110,1111101111111110011111011

111111]111[,111).11111111111(111, 0011011110100110111111011
44401 1111110101 1131,3( 1030010131] 011110116οο1, 10
111111110111111111111111131711111111111111111111010

111101111111101110111033111101101011113]
’16111 1111113011μ1033011011013111],1111111

1111, 11’1,”11)·11·,11111111111111·1111()11·,1]]]1’,]0(1.(.11.1310.13.1010111)ἶ
(331011111011010110111,1111,133031110111101111111111101]11111111Η11331

8134'3’ 33411111 41131344443. 01110013111703.
11118 11101110] 1111 ((11 41111440830314 41.11'11
4143114444144 31 ,11111 1111111 1101130931( 1111, 11111 1113111101.
111 14441 (1111110111 14 1,]131 144 ι1]11(1011·11111,)0101100,

11101101· 1111 1111111111111111(1(111 C1414414111 1111111110·
11111101010111) 11,1010110031,11111111011111111,
3131133344411441 110, 3144 (03101111 4434141114411141
’,11-(111111311111111111111 114-4 31111 1101, 31: 41414341444144 11]-111
4411011311111 ,111111111(101110,1·113,3,,03 4111. 1111110111 111111] 11.
3111111111 11111 1111 1110111110 3301, 11111 [144-1 11111111 1411.
3111110111011111113391111310111110111111110111(
1311111110 111111111011111 1'33413344111133 (11111333 4114648
14 113110111131101101101111111)11)11”11]111,.’1) 1111111111111131111
1011] ’1111) 3113 3114111'13311334111’ 1111311111 1011111101

11111101· 3344 4411 1011 4. 01 444 443 341111401444 111 1.- ,103111 11111111] 1000

11113111111111101101111110111.).ΧΤ
0111-

 

