1 0011111 1.· 11, 11108171.Χο 443,

010 daris 1010101011101,[10111100 0111011 0011111 (111 811101
6111111111) 1101101101 110001110111111111Λ 1111111111. 1151011
1111011010101111301”111,01·011 1110111101011011011111
1001111 0101101101( 01110010 011100 11111011 11111
101· C1111c1111a111515 111 01111010 0101197 1’111111111000111
131001111111.1,”ς6.101101010111010111111010110,010111111-
1110111·1011111111110000101111111011010011,1111111
8111111010111011811100111101001111110010011 XXI
110110111101011101111110011000110010101111
01011011111111111011011110111111-1110 1111117310, 111
00111 0071011001 01111111 10101101011011111111100011
1011111, 1001011 11101 2611 1111111010, 11111, 1541 8111
01107111 1101011101011118111110101111011 1101111111 101101
(111,·,111]1100101111100001111010111011101110116101110110
01011 011100, 11111010, 01111100111010111 16268 080111 1111110
111-101101110011071)101171111000111101111010111001111
1101111101 11 0,101111 1100100001111117108 Video
1001110110 1101110 ’111001110101111 ’01110111οῃ11 (011111 0111
11011 1101111101 111011111111167010111011000111001’1’-110
0111001001101, 1001110111 01001,1101111010,01]1·110
011101-11111111011111101111111111 1110111111. 1101110101 110
0101011001((101111111001110,1(]0101110011101111001111111
0011111101,00111011000111110111011,(7011 101111110010101111
1001(11111101101’11111110101,07701101, Nic. I'55111511111d115²
1111110001 I’5111115I'1111q 11011001, 0010101111, 0010100011οε,
1101011001, 10111111111101010101110101 110111 11001111 11-110
11111001111111601. 01110111 01 8111111101110110 0111171111
111111110110111 817) (710110011117111100001111
01111000 01111010 0111111100111318 01111111011111001701
1011111. ’1”111110111001001110001011673 111111

1101111-

71)111111·.0(117.16 0117110117)1170 8111001101. Ovidius
1.·οῙ1, 15111515151 71, ,,1.7 70111ςο111701 1pI5111151115611511111111151:157.

5”’·’””7’6 ’11111111 155- ·· 10710100101111111111011010
0101)(11011111 7110,(1017,11111’.’(1113]]ωῆ .

(7110110111110011 10101011110111, Ι , ⁴
71. 07. Q111111111 0711110100 111115· 8100110001 dotes 11117110 1710
1011111110 (1117111111 0110 011101· 1111111..

0011. 1101111111. =

 

