1100101101, 11111.ΟοοΧῑῆ ,1,6,

1101801111111111111 111111 1111010011 0111111110,1,11101’11Η1,,0,
111111C1111111111 110100111111 11111111,1111101,011111
11111111111111 1101111111 011111 0101001113011111111 111111111111
11100111 1010110, 1101111010 01330. 0110110111111011011)1,3
11111101111111 11111111) 111110’111·1,101,101) ffljs 111 ,,68, Ε, ,,Ηά
(111010 00000

61000 010 sclolcsscacleVzrg1 11217111111111
.·’ 010000 XXXX 110101 111 1111110111110111110011111011
111011101111111111111111”1111·1111 010 011111· 110111 111111111111131-1, 0111111
11111111111110111111011,111101·11110101 11111111110111011111111111111
1010111111111111101111, ,111011 1111111111ον 111111110100011 101110
1111011111111101111 1111111111111111111111111,11010.
XXXX 111101 1101100111 011111111111011 11310 0100010111 (10110-
01111111111111101111111 111101

7. 1111111111 01131011111111111111 111,11,0011110’10000000
0111401010 )0,(01·.1111 1111100111111111,111111 11101011, 1311110.
’ 1111111· 1011· 001 XXXX* 11011131 11111 11 ,0110111101 11110011101Ρ1100
1101111111111111111,11111011011)(11111111οΡ111111,11),0
1011110(111101111·,1,00 1111111111171 1111 11e1C112 1111111001-
11111110111 1011111110,10111101100330111113101010111
1:1111111 11·11·.11110111111(1111111110)1111001 1111111110, 110
11·,1111110111111101111111011111,1111311111· 111011 11011111. memmi 110
[00110311103111111001116603 101111111111103111
1101111,·11 11X1X11XX111X· 1·11101111011111110 (1300000101 0101101101· 1011101000οἓ
1100000 ,1 11111111010101100111001·11111111100,131111111310011,
111111011111111110111101010,0, 01000100 1311000111 011000,
0101010010100101,111111111111111111111111111111100
1111311111.111·1’1’1’1011111,1111111110.1·11111001110,1001111111
’1,’,1110111 0111100111 111111111111101100οᾸ1111111011111,
1111,0,·11·1131,11101101.,101111110,1 31101111101001011101)01001101100,110101-

111111110011101101111111111111111,0111·11011111101111011111111, 110y1111e
0111

,1)11111 11110100111111110 11οΤ1111ἰ ’16091101 10111011101011101110111
1011111101000011 111 11100190 0100 1111111001111η11101100.

X111·111X1211711111·1'111111111* 011· 111115 JXt . ,
0) 1)1 1111c 1313110 1111111 11111110) 111111 11110111111111 ’001 (1111. 1111.

111111111111111111101111 1111 1101111131, 10.·.111111,10 010091

1010100 ,1001110011 (03· “

 

