880 11111333331111

5555440 111 44 4499. 404. 0908404440 fontanam 885.
44544 8440444. ''11101011 450444 4504. 404. 4844444044 4543,
F=e111143 44404 1011111111111111Veronn Or..
1³4 1311. 11 ,4404 080444· 44, 044444 prae 4444440444 Lucae 0.
[400540004044480 44040444 44οΓ 44434, Ρη,
13 ³1131111m111Z1111113 804444 4404547. 110 '3423
1¹. ἐ 2³1 4.,44· 444 450444400440444 040044004444·4,,.
14 4548, fol 5444440544] 11111 044444 Ma 444 000444. Lag.

·. ’ ,5,44444444440444044 4404404444 4040440400 4404
405444 4404460440 444, 0050444440, 11513311114
4040444044 (4444444 111111114se C13131122117·13³1
1:11² 4400 404 4044040444 4404 11:51 §.Min-13. 45498, 8455,
4404444445·084544 44400 84844 0444444508 0454
’80484 Ε4440,40 44 45 8454444 Hermo atque 4440444
and 34154111111. 8444844440 44. 4542. ,4. 44440440 840.)
8404440. 84044444 444-40 452 38094044 11111 0440 Io. 84542
44444444 Tigusffim 440444440454444 44444 0044048440444444 444
044444 111B1s 4 45438 Has 111110111111. 4444444044

44404444. , 9044 ’44444044 8404500044 regio 1 44 4404444444
444 101 44440440οφ 11 4.5·.43;Ι 6044044· 4004000400
401 ‘3311 5 11 0845· 4444454400οκ 4044 44444 40444 90044 4444004·
11 004444444444044 311111 4111111114111111'10111111111111444.
1⁴01. 14331-311 44444444 4744404 044440 Cum 110113 Her 31111'
614131311211apud.110¹1.s1.eph1544 8. 11111 44404 8444·
44444404 4044944004 e{1111141 44844444 445668. 4640444444 113113.
114111 111 544064 44044444 8444444454 8445404444 4558 8. 844544,
’ 1543311lugd1133111117 448444. 64454400 4536. 4540. 454 ,5,

84440440··44440445,5 1555 4560. 44 4444054448 44
400π 3:11111'1⁷ 311111103111113 4444444404 4440040444 3131». 044
4404444404. 11 11111 44 4400044 6404040444.. 04538.
4549 4560. 42. 4054440008 40 4558 42. apud 844404
Cum 844044 84400444 emendatione 4444444. 4559. 3.
Cum, 4444044040 84044 844444, 444444. 45645 8. 054
4596 4040404000. C11111 1³011111111C1e111 4404
40 0040 4406044040, 40444040404444404 0444 444 8 11.²“ 3111'111
1j11 4444· -·0.544[4 4000 3111 1111 4570, 8 addim 84444

11¹1

 

