1111( 4 1111111, 1110111111. 484

8115111111 11111111 1115111115, 5,,11-151111111111515011 51555151
1111111 1111111111 1515111111 11151111111 4M.SS (1014 11111111 111·
11111- 111111110511111111 151115 110111115111111115111111111Ρ111·
’ 11111111(11111111111111111111111511511111111111111·
1111111111111111111111111. 11511111111111111111111111111
· 11111111111111111111511111551411111111111115111111
1515, 81111.1551111111’111111151111111111111111111111511,.
115111111111111515.111111111 11151111111111111111 51111111,
1111111111111111111515151111111111111111111111111111111 ex
115111111111111111111111. 111111111111111111111111111115151111
(11.11111111111111111111111’1111111111511111111111 1111-
1111111111.1151111111Γ111111111111115111111111511-111-
11111115 111111111111111111151111111111 1111111111111111111111111
1111151·11111111111111111111. Hanc 11111 1111111111 4440
11115 1115111111111111511111111111111111151111111
11111.1,1111·151111.111111.11186.

11111111151111111111111111111 V44V4 1111111111) 1111111567,
155115111111111111111111111111111111111111101111-
1111111111115115111 V4011111441V414 11111111111Τ1111111
1111111111111111111111115 11111515 1111111111 11 44 111111 111111111-
11151111111151111111111 11141141 ,11151111111111111111 1111111.
11111111111111111 111511111111111111151111111111111111-
1111111111 11511111111111111 (4441 11151111 1111115111 440414 1111111111,
,111111 11111111111111111111 1111111 1151111111111111111111.
’ 1111155111111111511 4144144VV11141, 111111111111111111111.
16151 5111·11111111111115111111111511111111115 1511111 111111
1151111111111111111111111. 51115111 15111111111111111111111
1111111111. 111111111111111551111 1111111111
1155111111 V14V14114, 444 1111111111111111111111111 11111,
1151111111111111111011111111111115111111111111111
1111111115111111511111111111111111511155111111111115
8414414441, 1111111 1111. 1111111111111111111111111 144
11111111 11·] ’.111 1111111·11111111011111110.111111111,.11111111111111111111 ’
(1111111111 4V4444144144111) 414 '1V4V444 8111111111111111511111Μ 11115111·
5115551111111111111111111111

111 11115111’.11111151111111155515131111111)’111511151581155

 

