1111

1111111111111111111111111111111,1111111111, 11111.
11111111111111111111111111 111 1111111 1111111 1111111111111111111.
111111111111111111 1111111111 1111111 1111111 1111111
’11111 1111111111111 111111111111111111111
111111111111111111 1111 ,1111 111 1111111111
11111111 1,(1111 1111 11,(111111111· 1111 1111111

11111611111111111 (1111111111 11111111111111
111111 1111111111111111111111111 11111111 , 111111 1111111 11 11111,
111111111111,1111111111111 1111111111111 .1111,
1111111111.)111111111111111111111111111,111111111
111111111111111111111111 1111111 1111111111 11111111
ignorat. 01111111 111111111111 11111111111111
1111111111011111111 11 1111111111 1’111111111111111111 1111111,
1110111111111 111111· 11111 11111111111111111111 11 1111111111
111111 1111111111 111111111111111111, 11111 111111111111
111111111111111111 1111 11111111111111 (11111111 111111 1111111.

(1111111111, 1111111111111111111111111,1111111111
8111111111’ ,3111111111111111111111 111111111111111
11111111,1111111111111111111111111111111111ῇ111111111111
1111118111111111111111111111111111111111111111 =
1111111111111111111111111111111111111111111111,
1111111111111111111111111111111111111’111111111111’11111111111- 1

111111111111111111 1111111111, 11111 11111111 1111111111

1111111111111111 1111111111 111-111111 1111, 11111 1111111111111
1111111111 1110111n1eg10g111111 111111111111111 1111111 111111

1111111111111111111111111111111111111111111111111
111,

 

