290 ’111111 1111001111

11111100101111011111100011011. 017011101011 Gema

1111101011111 7111110111 1010701111 1011ςο11 11117111 ,
,, 1011110010170111011, 01010107117110111111010011111111,,
01110, 800011000111701101171, 154.6 0111011011 1551·
171776 616101 111010161010100101011110011Ζ11
111111 T1'11121111111F1111cof 1563 10511111 61117017.
111010 1101011001007011111110170610 1111
fol⁴ 1111710001 ad PhiFippum 1010017010 001011, 1711
0010111010 Β11111111 1111111111 1553 1011, 1110111 011 51
111 111170110171111 11111011100011111001 111· 110 80111111, 1117,ἓ Ὗ

01001101 11 11110010 01011111 010, 1711111 C 1711 111171,
0111οι1 100’11110110111 0111111 est 11111 1111101171011110 00111
111111 10111000010111111 1111111 00111, VH.

111. 0711101111110101010111111110111111, 111-0 0110111110 ’
T. 111011, quod notis Sigonii³ 111011111100101111110111111
1011001001 01 Ι, F. 0111001111 11101111111101 1110010111, 0111111
eorum librorum 1701 101010111001111 duobus 10110 136 0
0110710001, 01007111,111.Α11111110111111011111·111110
1101700111 1110111011, 011111 0111 1111 1011117111 001 071 10111011·
10016010100010110711101071000111011111οΓ10,100 qm
111 1111010100 aLFvio 1111100111, 110011111111100101101111
voluerunt FFofos 00111111110101, 01111111111110· 6011111110
1111711111101110100 01111010, 11101011710711100110110501
{Fere 1110111011 11171010 10111 11110117 11111 01111010
1010111,0710111·111111,1011111111110711011111010,
1111111, (7000110101100111111 01101110 0711111110 10111111
10111 0011010οῃ117υο 11100 1011010111 1110101
11011070 1101111 1111101111 1711111110 11101111
8010 1001010, 1111110111 6111101111 1111117110 111 0111

l
11111110,1’ 1111 110011 00111101 1111 ex 1111 10101116.

011511q1111111111s1111111 111111s110s118111

11Τ1111 11111111 11100110111111 11111110 110010 7110 ” 01·

3011101111101101110. 3111111f1 11111F1st111 01111111 1111101100
Lm

11) ,13100101101111 1167110000 8 6111111 est 0111111 171100
11111100011170111011111101111101110 0111113111 7001101 11101111 0011 {FF

1111111 10 8011101111 Αο111017.1ς71. 11001606. 8.

 

