218 · 1111111111

811111111111134111117 ,111 111111111111111111 111111 1·11 QQQQQQ
111111110111111 11111111 1111111111· ,,1111111 11111111111111111 VQQQ
1111· 11111111 1111 1111111111, 11111 1111111 Cicero 1011111111,
1111111 1111, 1111111 11111111 11111 1111111111 1111111111, 1111111111 1111
1111111111,1111111111111 1111 111 11111111111111111 111111111111. 111111
11111111·11111111111111111111,11111111111111111111111111111111,111111
1111111111111,1.1 1.111111111111111111111111111 11111, 1111111111
1111111,··1111,111111111111111111111111111111·,11111111111111111111111111
11111111111111111111111111111111111111111111111111
11111111) 1111111, 111111111111 11111111 11111111, 111111111111111111
111101 111111111111111 11111111,11111111111,·111 1111 1111111111
311111111111111111111111111111111111111111111111 111111111111111
111111111111111111111111111111 1171111111111111111111111,
1111111111111111, 111,1111111111,111111111111111111111111111 1· 1111
1111111111)1111111111111111 11111111 1111111111111111111111111111111111
11QQV 111 11111111111111111111111111111111111111 (111
71111111 11111181111111 1111111111·1111131111111111111,
111111111111111111111111111111111111111 111111111·1111,1111’
(111111111111111111111111115111171,111111·1111111111
111111111111111, 111111 1111111111111 1111111111 11111111 11111111
Q 111111111111 1111111 111111111; 11111111· 11111111 1111111111
1111111111111111111111111111111,11111111111111111111111111111111111
1111111111 1111111111 1111111111111111111111111111111111
111111111111111111111111111111111,11111111111111111111(,1111111111111111111ς1111
(1111111111111111 1111111111111111111 1111111, 11111111111111

1111111111111111111111111111111111111111.1111111,15’1101111. ’11111111

111111 11111,
(111111111111111111(11111111111111111111] 1111111 11111,

1111111.111,1111,1111111111 11. 11111111111111, 111111 1111111111
11(11·1,11111111111111 1111 1111111111 1111 11111111· 1111 111111 11111111111111111111,
1111111111, 1111111111 111111111111111111111111111111111
111111111111111111111111111 11111111111111111111111111111111,1111111111131
111111111111111111111111111111111111111,111111111111 111111· 11111-
111111 11 11111111111111111111111.11111111,
111111111111111111111111111111111111111111 11111111 1111111 1111

(111111111111111111 111-11111111 11’ 1111111111111111111111111111
1111111111,

 

