1111111111. 111101711111. 111

suis, 111111111111111111111 11111111 1111111111 111111 Repeti 1111111111,
111110111111111 11111111111111171 1111778111 1111111718 .
·171111171111011, (1111111, Α.Ε1·11 1111st1') 1:11111 1111111111 11111111 11,
¹7111G11111111111³11.01131111[31'111010111'1171111111111111111111Le
ἰ 71711, 0117117111111,111’1111111 11 1111111111 phssologicoss
01111111
1111111 111111111111111111 11171711111, 10111111117101
,111111 1111071111111111111011111789911771, 1111111111 11111, (711111
111111711111111101111111 11711111111111111111111,111111111,111
770111, 17111111111111 1111111111 1111111 1,(11111 1111111111 11111111
11111111·¹ 01111111111111111111711111111 11111111111111111- ,
(1111111111111111111111111111 1111111111 111111111111111111, Ma
1111111110, 1,,’.11111111111111 111101111111111111 11111, 11111171, 111
'711111111111111'11111111101³ (71111111111111111111111111 111111111-
771111111117 111111117121111111111'0011‘11: 11111 11111111111111 11,111711111-
111, 7111111111111111111111 711111111111711111111111111111111111-
111171111111711111111177111111111· 1111111111 1111 11111111
111111111111111111111711111 1111 1111111111 71111117111111
1111111111 1111171111 1111111111111111111111111111111111011-111
11111111 1111111111111111111101111111111 11,1111111)11)1111111· 11110111
1111111711, 1711111111711111111 1111111 11111111111111111,
71111111111111111111111,101111· 111111111111111111111111
1111 111 111 1111·1111111111111,1717,
111171111101111111411111111111111761.111011117111
111111111111111111 1111111 1101 111111111111111117111
111-111111111111111111111111111111111111111·1111111111Μ11171117111111,
1111 11111111111111111111111, ’1111 11Ρ111110111111111111111
1111111111111111111111111, 1711111171111111111 1171111711111111
11111111 111111, 11111111111111 17111111 [7111117111 01111111 7111 11111111
1711111111 11117111161111,1 17111111117111111111111. Τ 1111 1111111 ,111111
17810111111194-111111111111871 111111111111111111111111
nohis 1)111111117]11111’(1111] 111111111111111111111117176
1711161188. 16241’ 1111111111, 111111·111111111,1·,111·1111111111111
111111 11111161911111111 11111111 111-,1111 11,,1161198·
1111111 011111, 16111 7111111111111101 111111110111.
11167717111111111111,111111101111111 1111111111111111

731ὶὲ111 111111

 

