1m1m1w1 &MUFWVFM

111.111111111011Ρ110110001 apud 11111100111110111111111111

11101111161111111111,,10]11. 1111111100111011101010
’ 101111101110] 01011111 '1F11ce111psodFFFFe7 1010 011111 111-
11·.’1111111101001001(1010]111111101111111111010011111101, opas
,1]010111111 1111111 1111101100 00117, 111110 101110011100101101011011111
1111011110 1111111’1111·11111101111·1011 101101111101101011110
0111111111,1111110111111111110111111111111111110111111111111
11101111 1011 [1011101 11111 010, 1]110111111110101 110-0001111011010
11101111 11, 110101011111011111111111]0101(]11111111111111110111,
1111 1111111111 11111111111111]0111101111,]10110111110111111111111011-
10111101 1111· 0711010101, 1111111 011111111111001 0111101 ]10111- ’
111 0111111111 1011111111 1101101110111]01(1·.10111101 1111111 fuit
1’11110]1011110]11110110111 1171.1.111(1101011011 11111110,111
(]1111111·111··111111110111110101,(1]111( 11010111011ἠ1111001011111
11111111, 11111111111101(1]1.111·(·1111110 11,1 111001 F 10 ]11
1111011 ]11111 (1101111111 11010101. 1101]011101·10101111111110111-
111111101111111111110111101, 1]101110111(1]1111111111111111111,0001
11011 11.]111] (101111, 111111. 1110110110ιο 11](1111111111111010
11111'..11111111'l(11111111111111111 11111119 1101111111
01··(1 1111111111 011 1111 111010111110111 1110111111111· 8110111111110111
111111·1111111··1·11,·.0111 001111111101111011( 11111101011101011
1111111 111111 1111111,( (]11110]]1 11 11111] t-111111111'11111F11'F11FF11‚ 111
011111111111111011111011 1111111111702111011
11111110 1011111011 1010010101· (0101111000, 1.]11111101111101
1111111111111111111 111111 1717 .1. (1]1111111111. 11111111
1010011711. la. 111 1]11111111111111 11·.111]11·111(11111·1(111 111P1F
11··111111 1111100111111111110011111111111111110111110 10 1011111110
(11111111 ,(1111111111110111100111, 1]110110 1C1111 11111011 1Τ1-
1111110111 1111111111.

11111111111111110111 111 Ρ1·0]11111111111, 111101111111111111111101111-
11111111,111111111111111 (111110111111111110111110111.
1111111111, (1,.111 01·(1111010111. (11111100 ]111), 111] 1010
(]111111 11111111 1·1.··1”1)10]11 01111111( 0111111 1111· 111101111110 01111111111111110
0111111011(11111011· 11011111. ]1111111110 11(,111111111111101· F. 01171131. F]
’ 001. 1. 11001. 11. ]1. (10. 111, 10 01111111. ,1111 1. 11111.
ufflfflwaFfflpFFfflfflwafflmffl·

1111 ’ Pes*

 

