1011101111.,110.1.00,0.]1ἶ 063

mg 1,,,101 10011 10011111 01. 100110. 011111 11111110
,3,,11101110111110010 000 11100101 1111000010 genere
&iamin 11113, 01101111101 01111111 11111110 ,0111101010 eL'L:
4344qu 1100 0100000010,110001001101010011
0100..111161001011010101111001110111 1010110001.
1001010001 00111 101300100001.. ,11110οε11 11110
mm 1110111101, 0101110001111100100. 11 (11111111

1001 1100111111 1001011111 11101 1011101ζ 10 *wrm 11101

,015100110101111111011101101100001,000111101αο

1 1100011 100100111001101111011111
8414ss 11101001 1001101111001111000100010101.

4345 n 011011 1001101010 recentiores 110011010311111101
0311111101 cum 1101111001101101110010111011, 0101111010,

0,,,111010111111-11111111,001101110101111 1111 0011 01-
0101011 “

8100111110 11111111101111101 011000 eorum 0111011101
011 0111 11111101, 111101 eires 0010111101 1100110111 1111110111,

Ἲ1111110111111010111·.0.01 [0 Ram 30110013 0111-
0000 10111 0101 1110011110011111 0111111 110 311
1011636, 4 Ρ1010110011011110 010011110111111111
1111339 8. 1101110311111101, 1584. 8.

QL 0111101111 0011· 10111001 elegantiam cognoscere 11
10111011011110111011 11000110111101011011010-
110001000110110111,01110101101111101101. 111111
11- 01101 (1011111101 opus 0101101111 0010110111. 1101 111000,
111100,3.000010101001111111101011011111111011
00010 0111·Δ 1111 1 1101110001 0101011111

111117011001.111111101011111103ε (1111111110 Gagai-
001110110111100111011001101010111100011113301,
111111001115101111111111110 (10101113110113331101,
1310101 0011010110111101000011100,1110111311
11110111171010110, 10111300.. 1584. 4. 1111500101
10110110οε1101010100010111, 16031, 1110111001ῑέ1
10 1001011011 1111111111,οε 10100011 mecam} 1111110110
00110,.011011110100101110111101)1111 1609 4. 1610101

R* 5 5625

10 01111· 61301003110011001010 1101111113 a. 1501. 12. 111111.

 

