,204 = 11221611112212221
2

12,Τ,,2 42241 2212221122211 I1isve1bi1: 022111112021121 ΨΜ
222222111122112 411 11111411 22111142 2122224164

2212222411124 (2421111412 1141144444 ΨΨΨ
221242221101221244ΜΨΨΨΨΜ44
4222121111112112121444444444444
242141221111122221111121211 (222221 44Ψ ΨΨΨΨ

14211121211214112112211611 121 4 122221
1421142224221112 4122 11111 2111111(1(,1411.12 (12 211444), .
11202110112111111121111 11211242· 1111112122, 6121212121·1212212«12121
(1’122·1121’1,“.1(11221141126142( 21112121211211112
Ε41111121111212111111112211111211212121212211111111111111424,
42242. . ’
4. (12111122212212 21112112411121122, 1111. 111. 0122222121·
222122122221114111221124222122242212221111221222,(411121121211211212222
12122111111112212111211((11 12121111·,(41(12111111112121.
112412212121112,11,221 12 11 (1121214124 112( 1111111111, 21112
Ser‘vio 1111. 2212122( 12141212112212· 1111112 121422 1211222111111121
1122212112122111112112111112 11112111111111111121111111641112112221,
’1611242641 1144111( 11111121 22112121211111112 1111121 1211
22112 122112 (1112212222 1122211212.(1221221121211211122224212111122261212111
¹-l11ti111113()111111 476411.
6. 1122111 (22112, 2111221) (1121111211 112411 1211212.
71111 11111 4122111211 22212211 1122122112
(11211211, 2111112· 1212141221 11221111· 411( 11111111111111 12221122121121211
2221121122 1244212111( 22112202 (11.211121 v
8112 111(Ῐ22121(22121,241121221 12124142111212211( (1112111.
9.]12111111111421221111111,121111 114244 16111212
1041112122111211 2112111ν((,1112(,(2111111(1 1122111121
2121212212( 112422 ,1112211112 (112121211111211
222411 Η122·11221(1221211111111211( 21114112112112
dium* 12· 2211221111 2111111111( &Aaou 1111111141( (1111111221 (121 ’221
122222211111.1111.11242,11(1 1111221112 (1121121112
1112((21122121111·121· 2211142, 1122 222111121121124112112121 121111222222111,
(222 1111) 212111(12(11,.4’11(1··2 (11· 2211111111 1“··,11111111142112210
(4122212121”’1’6 11111111211111111111212 11111. 1211· 1111111
1411126112 ,1122 1221112111 12211212112111111121221111112·
Cice

 

