1111111111. LLL.I.011.XJJ1·. 395¹
1111111111111111111111110111111111111111111

111111111111111 111111111111111111111111111111111 111110VC 736. 1111
1111111111111. 11111111111111111111111,8111111111111111 ,
per P10111 1111 11¹L1¹1 111 11111111 [1111 11111 1011s111J1111811nt,
quibus 1111111111111111111 videtur 1111111 1111. 1. oda 21. 1111.
1111111. 01116, ¹ 1111111111 Γ11111111 1111, 1. 111 111111 111111-

-, Laribus 11111 16,1117,111Τ111111 8. 1111111111111111111111111. Ro·
1111111Γέ,

1 ·111111111111111·111117. 111111111111111111111111111111,1111111
,1111111111 ’111·11111·11111,1 11111111111111 111111 11111111 [,1111111111111111111
,91111111)1111111111·11111111111ῑ,1 11111111111111111111111111
1111111111111111111111111, 11111111111111111111111111111111111111
11111111(111111111111111111111111111111ΡΙ111011111111111,11
1111 111111111111111111111 111111101115111111111111
,,1111,1111111 11141111·11]111,’111111.1 11111111111111111 1111111,
11111111111111111111 :L1111111La1 111111111 11111F 11111111, 1111111111
111111111111111111111111101111111111111111111,111111111111111111-
1111111111 111·11.·,111, 1111111. 1111Lg11.111 11111111111111 1-1111
11·11111,1111,1111111 11111111,1·.1·111111111111111113111101.
11111111111111111111111111)111,1111 111111111111111111011
111111 111111111111111111 1111111 1111. 1111111111 Neopto 1111111111111111
1111111111]11·111·1,1111111111111111111111111,11111111111111111111
111111111111111111111111111111111111111111111111111111,11101111
1111111111 11111111 1111111111111111111111111111111111111111111 11-
111111, 111111111111111111111111·11111111111111111111111,11

ᾗ 11111 11111111 111111111 111111] 11111111 1111111111
11111111111111111111111111111111111111111·1111111111111111111.οΡ 11·-1
11111·(.11111]’1·111111111111111111111111111·, 1111111111111111111,

· 11111111 1111111 0111111111 1111111 111111 1·’1111111 1111111111· 15111111
11111111, 1 1151111111111111111111111111111111111111111

(]111-

1111 1111111111111111111111 (111·- ,1111111111 1111111111111111111,

1111111 (11111111111111 11]] ἰ1111111111 1111111, 11111111 111111 111111111111111111111111111

¹ 11111111 111· 111111 1111111111 1111· 11111111 11111 11111111,- 1111111111 111111111111111 11111111

¹ (11111 1111111111 1111111 011111111111-111.11111111111111111111111111111111
111111111111111111.111111111111111](11111111111111

1111111, 11111111] 111 1111111111 1111111111111111 nobis 1111 111111 1111. 11,11

,111111111111111111,1111111111111111111111111111,1111111111111111111 (111111

111111 11111 1111111 11111, 11 1111111111 111111·111111111111111111111111.

 

