,11111 3131131113 3311113111 ,

PAAAAAAAAAA 13131111133113111111111311111131·11,11191,1113911
,1)1111111311111113133111313311111111113·11131311363111111111(1111
..A (1311111116 (3111113131133111131111111133131111110111116919,
1111111763, 111111113Τ1111113111111 ,11111111193111111,11717,
’ 1,,71911 1111131131111111111111117701711 311111 1113111111
13113111311111131131113311311ιοὶ 11131719 91111111
AAA. 1)1111“111111333111111131111111131111111111, 111311311111
11313111111111311311311 11111111, Ο1171111311111111,3111111311
11310 1131111131111311191,1131113133111113113113131111111
111331111331711311111111311 1111111331131111111
1113111111111 11011 [AAA. 1111131111( 131111111111113, 01111311 11113111 ..A
11111133311113311131111133, AAA 1111113111111, AAA..
[AAA
11311333 CAAAAAAAAAAAAAAAAAA [AAA AAA. [A AAA [AAA AAAAAAA 31111111
11311111113011111119111.113911111111111. (1113111111111111111,
1111111111111111,111913117111311131131111311111
. 1113131313113133111111311111713 311733111111111131
111111313111113311133111111 1113111.
11111111111111111.1111111111 19931111111111131111.
’11313111313111131110111111 11111111,11311111113111131111111
111311913313111131111113161111111111131111111311111
131131113111111,1,11111,,111719 311111111111111 1713111111
13111131111111111111 1311131111 11113111 11133111 1131,1111 A
[111111111311131 1111111 113 ,1111111111 ,1111131111 1949. 1111111111
11111113, AAA 1111 [AAA. 1111111111111.1933,.11.1111113131111113111111111
AAAAAA. DAAACAAAAA'AAAAAAA 3311113 1131111111113311111131111
111191113111131111.11311131·11111111111111111,11111931311311
1111113,1,11931111111,1,,1191111111111111111111,9113,.1)·11·11,1,111131
111111131111111111111, 313131313111131111111131111111111111111113
11119691311111111313111111131111111111·1”·1311111111111111131111111
argument 11113111111131 11111111111111113111, AAA-A 11191, 31 1111·
13361111111716933 31],1111111111111111311117193,13111111
· 313111113111111(113111111111111111111 111131 11131111111113111 ,111111
133111113113111131131113111111111111111111311133111
11311

Μ1111111Ι,111111111111 11 3111113311 [A 3311131111111313 1117111
[AAAAAAAAAAAAAAA. 13161 AAA

 

