001, 10111011 11010111

1101110,011101100 p11 11110111, deinde 11111110, 61111100 110111
000110011111111111011111101111011110, deque hepuh
01 01 1011010110 11011· 1011010111 001011 1111111, 0111111 de 11
milit-11 111, 161111011111110 0) 1101111111 11110 1110111111,
63111113111112113111113111 <1111b13 01111101 131311133.
11100111111011101001, 0100110111011110111110110011010111110
13331311311111133113R3111 111111,1 1111011111οσ161].,1] An,
C1'31111 00 11001011111·101111101101111010111,1101111]01
01100 1081 1]111 11101111011111101 1100110110101101 ΠΙ,
’ 1133116333311113111'3 1100 111111101113113
1101101111001111100 001011 1'3 10 110010111111101111110 111· 11]·11 ,0101 , 3
0111111161111111111111, 30010111 111111117 Tacitum, 1101001011
310100161616. Io. 6111111111111011111111111, 333
11110111,111111 11103600111111111 601111
1110111 1106110110 01110111 1101101110 6101 11001( 163013, 111111
’ 10131111111111111, 0101110111, 01111111011111111101,
1101100116003. Phih3 1311'L3111'1311 0101101111 111
1111001111 1161110110, Fid-1157& 3111 ]0]11001 1311311133

110111010111100010111011111111]00 1·11111111Ξι]·111’111011
p111c111he173 1]1077.

Ad p1i113 011111 1.10101101 0001 1111011 01; 11010111 01111
1001111011110110111111116011111111011οἩ00111011110
11101111]011011011111111111·11.1,6·.1111001]1110101111101
1100011111111101011110111· 1111201311' 11111
000110111111011111111110110,011]111111111111111110111011111111
111101111110011101111111.101110111.110011011101110111
Ρο1 111111001901 1].11116011101111111110111100111 10111101111101
1111111110.111111111111111011100111 11011101111101, h.
Ἰ 611010110111161101110111111] 301111110111011 1111
= 1111111011111.100]),1111111111011011011110111,1]110,11111
0111111 111110111111011111000 0110 1111111111131l 1111111000011
(10101010111101101011,1,10010101]01111110111··111111 001111,
0100110011 010 Qis 0111]0·.111611.111111101111 11111100 113 vel 1110011 11

huda·

1)(,1 1111111011 111Polyh111111T1 11131111131111. de 3113ng
1313-ἒὶ1110110111111111000 0011115110
3) 10111011 111 11110110· 1111111001. 11110010. ,11100 101.

 

