472 4444404444

111 111111 Z4iccav4 iens. est fed.Me4li441444.4472. fol. 71111111,
Lavagm 1111111, 1111111111) 1777 7677,ε1111111171111111(11(11,
111111·117.01·1111111,11 111011· 1.1 111111. N 111111111111777

111777 71. 1111111111 111111117771.1111111117111111111777,

1111111111111111117791111. 11111117871111.1111171177

111111111111111111171711111(111111111111117,(7(Ρ,

11101 1131111111 7 11111111· 1177111111 11111 11111111111111111117,

D0444 40040444.T. 11717777 7911111111· 1,]..117711171111111

= 1,(17711111111111111 4444 444 1111111111111111111117

1171111111εᾶεὸ11111111117111111111111111111111117711111111111111·

’1111111111 44. fol. 4441] 111111. 11111111111111111111111ε

’ Ἑ1111111111111111 11111111171111111111111
11171110 44444st44 4.N4441444ss 4444 4A444444

1111111111111111111717171117(

. , 1111111111111117117117711111(1111111,
01111111117111111171111111117711.
1171111111111111111111111,

1111111111· 111111111111, 171111111111111 44ss¹-

71111111111111111111111,1111111111,1111111 11111711

7111,1111)1111111.1111111171111111111(111111111111(11111· 1111111111)

11111111111111111711111111111 11711111( 11111111 11117111 1111111 1111111

7 1111111111 111111
8117111111 (11111111111111111111111111111111 11111111

00111111111111011111110111110011111111,111111·ῑ,1178(1

q 111173111110171111171111111111111111 1111111, 1117871111 1111711
111 1111111111 1111111111 111111111111111111117111( (111111111111111

111111μ11111011171171111 011111111111111111111111111110111111

0111111,1111111111Ι’11(1111,11111]11111111111111

371111111111711111111111111111111177111111111111 44 4444· 177111 111

01111110117111117711111111(1171117711 0111111111

11111111οΗ11( 11711111111111(·,111)11111ς,1.

1171111111 11171111111111111111771171111 7111111011111111
ι1111111111)7111111(11111·.111111171111111111·1111111111

11117111 11111111111111111711111111 1717111177
(¹50⁶

4444. 111111111(111711111111117111111111111 1111711 77179.. 44444
1111171771117,

 

