, 111100011111, TTTTTTTVTTJ. Tg·

'1011 ,7ωη, 111 T111C11010 311 TTT 1011111 701111 311111 13130
777, 1110131101· 1,,111113111, 11333131003110, 3331333 TTp..103
ιω, 17111 3111113331 1111111 ,·07101111 1173171113 17311· 31111111 1111331111 .
. 33111111 11131111 3117131 17111111 111 0111 1731111310) T'gT'T
7171110101 3130 30111111· 01131113 TTTTT ’1113110131 03331 10111 11171 10111111,
1111131107111111 13111011 13107111100131111·
’11011111701113010, 10711111317101111001,1300- =
1301113 101 3111311 10 01710011111310311110111Τ3110307731, ubi
811011311113111137110111001131711313111311330110 301111 111101, 30. 311
1011030130113111(1131100111110113310111111113011101 131311311701111
31101010111110131 13337· TTT-Tio 01131331 1331311113 11011101 1700303010
,·31311111311 1111111 11D1¹0111 11111111 17111113 1101111011
, 3101011133113037))111)111”3’11333333010010111111773303
1117013001, 131101, 313131031301111130011 TTT
1110111111111101110111071030)
'TTT 1133111111011111.1,ιι,ι101,11111111
’111 1110130310) 117003100303331113311111111131111 ¹ .
111111417131)3’.0131113131·1113113313131130110,130,307733)111,13011
,10111117011111111111,1171111111111,11
31100110303310331111310 3331110100111)01331111100011133130111
301313071011111111313,·301011111311131108 711331131171111113111110111011111111
1010111171111,1111111111 TTT 1333711131) 10110, ubi 11331111 1311111
1710700301 TTTTTTTTTTSTTpTTTTTTT7 01171101 1101331133 3030010101113311 01113-
1000013130311110311110113110133311113, 33110 013
,3131311101313707301111133331111303331311,1010011110101101130
T0TJ 1117 01031110101113) 7111111311 1330013130
3 30111110100101110113711, 01131331113101131131,1110107
Ἰ8 711 113111 11371013 Tm ss 3113331333,
0831133110003101113003301113113171101111103131)
0313011133 3111331113) 3111301 ’1111 1660. T 11317111
101· 33033033011111100711131330, 011 01111133 (3111113331 10111, 3310030
¹TTTTT01111TT01101. 30313 [3001133013111013101330111111 11107111
3311111, 33 0131301111 TTTT 11111111 (1113111371013
30113101 13311, DTTTTT 111111 0111110 1, 01107
33113311 1113 33117011 11,11171173101)13331”·,11110·31137.1718,1
1717111777 8113133130013071111333301111731101110111313·
. MT 3103111-

 

