ΡΒΒΒΒΒΤΙΟ

11111111 111111

Ῐ1ΐ111111111111111110111 11111· 111101111111 1111111L11ti11111¹J
1111111111111 1111111111 1·11111111 11111111111111111 1111, 11111111
1111111111 111111111111111111111111111111111111111111111111.
1,11111111111111111111111111111111111111111111 1111111
1111111111111111 11111111111111111111111 111111 1111 1111111 1111
1111111111111111111111,111 1111111111111 11111111111111111,
¹{1111111111771111 1111111111111111111111111111111111111111
111111111111 111111111111111 11111111 1111 11111111111111111111 1111111111
11111111( (1111111111 11111111111’1111111111 1111111111
1111111 1,11111· 1111111111111111 V11111¹1111111111'11i11⁷ (1111111111ιί
111111·1·,1 1111111111111111111111111111111111111111111111
111111,11111111111111111111111111111111111111111111111111111
1111111 1111111111 111111111111111· 111111111111111, 1111111 1111111
1111111111111111111111111 111111111111111 1·11, 1111111· 11111111
11111111· ,1111111111111111111, 1111111111111111111,1 ·11111111111
111111111111111111111111111111111111111111 1111111111111111 1,·11
11111111111111 1111111111111111 1111111111( 111111111111 111111 111111111
1111111111111111 1111· 1111111111 11·(1111111111111· 111111· 1111111111
1111111111111111111 111·11111111111111111111 1111 111 111111111111111 11..1
11111111, 111111111111 1111111111 1111111111111 111111111111111
111111111111111111111111 11111111, 11111111 11111111111 11
1111111 111111111111111 111111111, 111111111111111111111111111
11111111111111111 1111111111111111111111111111 1111111111)11111111111111,
1111 11111 1111111·111111,111111 111111111111111·111111111111111111
,11111111111111111111111111111111111· 1111111111,111111111111 111111
111111111111111111111111 11111111111111111111111 11111·
11111111111111111111 111111111111111111111111111111111111111111111,111
111 111111 1111111111· 1,1111· 11111111111111,111111111111111111111111·
11111·

 

