11111111116111611111711. 775

1707· 1111111111 1619. 11. 1111111411111111111 1101111111111111111
,44411111 ’11111 1111111111 Io. 1111 61111111) 14179 8 70777.

61111111 41011 11114111411 vers onem 8114111. Dolet 1111
1111111111111161111116111144111411411111111111111111-
4111111411111 11111111 1111111111 111 111 7. 11119111 111111 11111111, 111111
,11111614116011114119 11. 4111111111111111. 8111611641-
[1111116111111114111111[1611111111111411111111 7556 8.
4411111111 111 11 1111111 111111 1111111111111111111 107711777 11111111,
4111111111111111161111111,111111111111111111111111.
Γ[61111111111111111111110 111111 111 [11111 (1111111411 cor
44444 11111111 1111111174111.111111111411111161111411)

11111411 1111111 1411111111·
4 Ε4111111111ἘΡ11141Α11111111111111111161.

1111111 11111111161111111111111141141111 11111 1111111111 1111111 1111141111
11111111 11111111111111111 144111111111111 11111141 1144111,1’ 1141114111.
’401111111111111111114111111111111111111111111111111114-
1111111111111111111111111111111111111·14111111111.Η11·141111111.4111’
11111111111111Ρ111111111111411111,111141111111111111111111111111
11111111111116111111111111114411111111,4111111141 1111 1111111111
111111111111111111611111111111114111411111111111111161
111111111111114111111111111111111111,(1141111111111111141611111111111

44444 C 4444 4441111111 4111111. 1111111114141111111111111

, 11111111111.·,1114111111111111111111111.1Μ8 11111111111111111

111111. 11111111111111111 111111111111111111111611110111111411111 111 1111
1111111111 1,111111111Γ1 1111 11111111141111 111-1111111141
Ι11111111 111 [111111111-11, 411111· 1111111 1111 1111111111 111 10111
4111111111,111111111111111411111111,11111111111,1[111111111Ε411
[101141111111111111111111411111111111111111111111111111111
dedit. 7777 111111111111111111111116111111111411111111
41114111111111111111111111111111111111Γ1111,11111·,11 1111111

11111411

1) 111111111111111111111111111 111111 111111 4111111411441
’,4111111611111111111111111111Ν1411111 11611111111’141114·,11111 1111111111
[1114111111.1111111111. ’5111111 6111111-11111411 [1111-111111111114111
’111111111111111111 1141111111111111131 1111111111111111111 111411111111111111
11111141111111.1111111111· app [11111161
11 111-16 11111111 Epistol 11 11111 1111111111,

 

