φῶ 1111111111Ἰ

44144411 1111111, 111 11111111111111 11111111 11111111 111 11111111111111111,
,111111111111111111111111111111111111111 1111111111. 1111111111,
1111111111111111111110111111111111111111111
1111]11111111(1111.11 1111111111 A15674
118.1,1.1(1’κ1ι11111,111111111111111111111111, 1111111111901111,
,111166111111111 [1111111111111111111111111111
1111111111111 111111111111 111· 11111111 1111111111111111111 1111111111,
,11111 1111111.1111111111·Α11111111111111111111111111111111
1111ζ1111111111111111111111111111111111111111111111111718
,Η1111111111, Μ1Μ11Μ11ΜΜ1
111111111111111111).1111111111111111111111
1111111111111111111111111111 ,1,111111111111111111111111111111
1111111111111111111111111111111111111111111111111111111111111111
111111111 1111,11111111111111 11111111111111111111111 ’
111111111111,111111111111 111111111111111111111711111111 11111-
11111111111111. (11111111111111111 111114 V l14144414i111'
11111111111111111111 1111111111 1111111111111111111111111111111
111141114 1111111111· 1111111111 1111111111 1111111·111111111 11111111
W4441 1111111111 11111 11111·11111.1,,1 AN444 1441AA444 1111111 <4111
1111111111111111111111111111111111111111111111111111111111,
1444111114141111144344441 11111111111(]1111111111111,111111111,1
1717171 1111111111 (11111111111111111111111111111
1111111111111111111·1.1111115111111111-110119111111111111’1111Ί0111
11111111111111111111111111111. 11111111,111111 1111111111, 1111
111111111111111, 1111111111111, 111111111111111111 11111111111111111111111,
1111111111111111111111111111111111,11111111111111111111111
’11111111111111111111111111111111111 1111111111, 111111. =
11111111111111111111111111111111111Ὗ111111,111111
111111111111111,11111111111111111111111111111 111-1111111111
11111111 1111111111 1111111111111, 1··11111111111111·111111111.·Ϊ·1111 1141 11
, 11111111 1111111111111111111 1111111111 1111111111 1111111711
111111 11111111 11111111111111111111111111111111111
1111)111111111111111171111111111111111111111·1·11111,·1111111111111111111111
111111 141414114114141 11111 111111111111111 11111111· 1111111111 1111111111 1141'

4.
. ς111111 11111111,11111111111111111111111111111111111111

11111111·
1111111111111111111111111 111111111111111111111111111

 

