408 ,11 1111411111

1114.. 1111441414. 1144111141 111411. 1141144411. 4. 41 1444 4,
[111411111441·’1114441141441Ι 141111. 4. 1111111111 1141114111 11141
111. 1141111111 dc 4111141111414 14111411 44111111111114 1411141414
11411, 4.. 11114 ’.111144 41 111111. 14444. (11144 4111114114444444
4111114114 [affinia] Carminis Pnsffi 144144..

11141111 1141411114, 14411 11441411, 4411114411 4141144144.
114. 41411· 14411111 Italicis 114114111144411414 4, 1404 g, usque
11411411 4144111141414 vt: 1411111111 1141114144 111111111111114111141,
1411441111 1411141414 1141111411 Regii 1141141114 111 41141114.
(111114111111114114414111111. 41 1411). 447. 1411411. (1111141411.
1141114114 4111111411 ,11111111114111 11 11111111 4111114111, 14 ce.
1141111111 1111114. 1141111111 11411414114ιί41111114 141·11ζ144,1411,1ὶ
(711111 111114 1114111 1111411111Ί 1111111 14411, 4. 41114 ,4141111111
,1141141111111111114441114Ἱ 11111114. 4111111411 1111111111111411111111.
4111111111», 1144414 111 1114141414Ί 1111111. 4. 111411111111414
,11111111114141Ἰ 111111] 4. 1414. 1111. 1141411414411411114111111.
,1111111.4111111111114 1111111144 411 111114 4441144144 4141111.
111111 11141 11144, 1114114 4411411111114. 1111444 111111 11141114
144411444111414 111. 141. 11111111 1114414414ιί 14· (1411141441
1144111141 1111114. 1111111414· 114141 1114111 1111144114 1111144111.
1111111144 1111 411441111111111111 44 111. 1111111111. 11144 4411114114
Ι1141111, 1Ἴ 4411111. 1411111111 1111 11411111 Eum: 1411141 14111141
11111114 11111141411144111111141411111444141441111ιω 114 1144
1111114111 ’4111141144 (4111114414 11111441111144111411 11. 14111, 14111114
14111141 (11·1411441141111114 411 (1111111Ί 44. 41441 111 1411111114
1114 1114111111 1111141 411111 44 4141114144 1111144 1411111441 1114
,11141 111. 11111111114111111 11111111. 44141111111111 1144114111111141-
1144 4411111 1144111114,1141111114 1417, 4, 111 1114111· 11141 legas
11114 1411141

,14111 14411114 44141141· 1’111τ’1’14111,1;111.111 411 1114444114

1 1111441114 114114 1111111 11111111 41144,

411114141111114411411144 11414, 1111111141 1114114, 4114141414,
1144441144 111 4, 14 1111141114 14111111 1111 1111414Ἰ 111111 111141
1114411144).

’1111111114411114 41111111 1533· 11. 14111 1111114 1114111111111114111-
11111 414411.. 4. 111111 Nic. vatti 11141111 114 11141114 (111111

111111

 

