1111111111. 0061060171. 585

111-11111111 5101 G010·1·(L11611 Leonis 6489. 1111111 editionem
11111111 116111611110805611010. 1111111111 111718, 11111111
1111111111111111111 111111 1111111111 8111111, 11111111011111111111111,
1111111111) 111111 11111 ’11111 11111111 1 111111 111· 1111111111 11111111 Ε1111111111111111111
[11,] 1111111111 ’111111 01411511 111111111111111111
11111 11111111 1111111111 111111, 1111111111111111 1111111111,
111111,111’1111111111111111111111111111111111111111111 1¹01060600
1111111111’1111111’1)111111111111111,11111,11,111111111111111111111η
11111111111111111111,,1,1111111111111111111111111111111111511
11111.1111111]11711111111111117111111111(111111111111111111111
111111)111’1111.1111111 111111171111111111111111
11111111117111111111 711 11111111) 1117111 7711111
11111111111111111111111 0566s1⁷¹61
111111111111111,171·111111 1,·11.18.1111·,1111’1])111]1’
111111,111111111111111111111111111 111111111111111111111-
1111111111111111111111111111111111111111111,-13111111111111111·
111111 L6111 111, 0. 11111111111111111’111111111111111111”11’)
1111111 1111111 11111Ι 1111111111111 1)·,111
111111111117111111111111111111111111111.
11111111111111111111111 7111111111 111111 1)·11111111
1111111111,1111111111111111111111111111111·1111111111(1111111111
1111111111,11111;·1111111111111,1111111111· 11,,’.111111111111 111111111111111
11111111111111111111111111111] L 1
111111111111111111111111111, 1111111111111111 111111111111111111111
1111111719. ,1.111111111111111111111’111,111(1111111111111
10010.06151116 1111111111,11111111111111111115111
5616111 1 6¹L111·11L1111L16151 11111111’1111’]11,1ῑ11’ 1111117111
11111111111111111111111111111111111 1111)]1111111
1117,1’1111 1111111111, 111111111111111111 1111111111
1111111111· 11 111111 11111111111 L11l1166661111L011

(11111 11116011 111,1111111111111111111111111111111111111111111111
166'5.

ν) 61111 L. 16111161111 1111111111· ι1111111111 11111111 111111111111111,1
1111111177. 1711111111) 1·1,111111 1111111111 11111111111111111 10 13· ,1111111111 1111111111 11
’1111111111 111111111111111111111111111111 1111171111 66 61 11,· 11111111 1·,1 [11. 1.11111111
711111·111’,1 1711111111’1·’11111111111111111 1111111111 1111111111 11111111.
1Μ1ΜΜ1ΜΜΗ11Μ1111’1 Μὴ ΗΜΙΜΜΜΜΜΡ
111-11111111111111711111111111111111,17111111 111, [111 11111111, 1111111Ι 1.1111111111111.
1111111 11111111111111111111111111111111 11111.(,’1.1111111.,1.1’.1

 

