34 ,44444444 444 44444444.. 1414101111. 339

144111444414431114444414. 5. 86. V 444-44 4111444444. G. 3, 473
66. 97. Ae. 60. 696.
4441444114 theatralibus. 444, 1Τ4444444411444444 11444436.
4494 1144444444· 1144444444· 14444 44444144 1·
114 44444 14 44 4444 44444 2. 4444· 4,44444444114 4444444444 44444444
6363 3.3167.63 ,,44764), 4444144414 44144, 44Ε9,43·
114414443440.141444411414441141143733.
1114444 Μ1414141114444 G 3114303 ¹¹6¹43·
333 1114444114, ,73
414 11444 44444·14444441114..4 VWNJUsHx' J ²³ 66
1144. 4, 444. 344). M 1111
do 444444444 44 45. Qi 666 411444411444444 14414141
’ 1144411441.1,)444441111444. (1.4, ’ f' 41441444441444444410531
43 x 14144441411441141144441
44414. 6343

113441 443414444444444444 411, 4114 V34333333 333 333333 333,
¹¹:66³: ,. 414444144-’4444
414 1444444444· 11444444414444, 3476, 609 7.556·9.3 90·
1444 144 44444 411. 4, 444. 10. 614 ,
. 144 4144444441444114444, 3433 33333333 3333333
, 666· ¹ 1444434144 4414441441.
’ 414114444114.14441446. 114. 4, 411,
(ᾗ), 44143 (44444411 1144444444. 141444· Oeconomicus. 1.
1114111111·14711· 13·

1114414141441444441;144444444·κζ4111’444’114433434144
1144 ,1144441444 41144444 64666 114414. 1114441114. 4444144
1114144444 4444444144 4444444441 41144 4444 44411444 14444,
666446· 44141441. 844144411144444444 4444 6646 44444 4414441444,
44·11414114·4·(44 44414144 4444144444, 444441444444441 :66666466
6i666666¹.66 441.44444. 11141444441114443144. 14441441444444 444
4444414411,·,4114444 4 1141414114144444, ’4 44441111114444 14444444444144
1144444444), 41 4411441441·’114443411444444 1141411441, 4441111441444414-
4444444 11444441 44· 4444144 4441 1144111444, 444444 4444414 4441144444
114444444444444444444, 1144444. 43117. 11411444 4444414144 11441144 44141.
4414441444· 44 6². 1144444144, (34444444441144144 4444414. 1144444144·

3 3 444441-

 

