111 1111111, 1111. 1111 1111111. LJJJ. GXJJI. 445

33711111111111111111111111
111111 11111 ad 11111111 1111111 111
11119111 111111. 619 b
110111111111111111111111
. 1111111 111111, 1139
111111 Atacinus Narbonen-
11111111 11111 11111111 11111111
1111111111111111111111
11111 [11111111. 1,69111,1 1111
16111111119996
31111111111111 61111111111111111011-
1161111111 1111111191111 eJ
11111111 (111116 697111 111
1111111711 1111111311376,
16111’11111111111111.119.,11
1617111 1111 1. b 1,,1. 11611.
71,..1111111,19·,11 1311.
1911111119161311 .
111191911197119911.
mefibbb
1111). 5JJJ55. b. 56.
91111996111116.
6 6 6666769711),

3ο.9ο,,-,,1191119997,1,,11
99 1117111116 b 100 111
114.1711111991.196,1
11199111 443. 9,,11611147.
4..b 111 1311711133196,
202. b. 111116111119
19119711, 11911. 245. 4.
246450J4257b464263.
4 11. 1631711111, 17611.
1771111791311113911.
13113311. 1371111, 191.
ab. 295. 299. 91111. 1. b.
305. 4. b. 317. 919111. 999.
9919111.1,11.99”1,1,11.931Ξ
11961979719391111.
9371113999111171,
4444040
mmfflfflbffi
bmmbmffl
991911
(11311, 6116111111, 619.

’611Ι 616. 67 b 624.

649 634 636. 633, 11639,

7111717173113111. 1.,91169.

V 0111111611111111111111111111191111111111111111111
1111111111, 1)111111111111111·111111111·11 11111111111111111111111111111
1111111 111111111 [1111111111 1111111111 11111111111111111 111111911-
711111111111171,1111111111,111111(111111111111111 1111111111
11111111611611111111111111111111111111111111111111111111111111111711
1111111111111111111111111111111611111111 1111111 1111111, 1111111111
111111111111111111111 1111111111111111113181111111111111
11111111 1111111111 11111 1111111111 1111111111 adeo 111111116111111
111111 11111111111111 1111111 11111111. 1111111111 11111111111111111111111
11193.111111119111111111111 11111111111111111·

111111111111111111111111113, 11111111111111111111111111.

Cc3 1111111

 

