XII

11111111111111 11 adscisci collegas in schola
11111111111111111111111111111111 1111111111 11111111-
11,111 111111 11111 11111111111111 1111111111 ,11111
1111111111 ps 111 1111111 1110111 tatis 1111111 111 111 111111 01«
111111
Qoi 11111 nus 111 1111 ’1111111111 1 abillo tem
pore 111 1111111101111111 1111111 1111111111 1111111111 11111
1111111111111111111111111111111111111, quoium 1 ido
1 1111111111111111111111111111, scholii, 11111111,
literis 11111 eo, (1111111111111111111111, modo, ci*
111111111111111111111111111111 1111111111 prospe-u
1111111111 111111111111111111111, legibus, 1111111111,
11 111111111111111111111. Ν11, ’1111111111111111
1111111111 nobilem 1111111 epistolam 111 111ᾳ

8111111111 811111111111111 (1111111 111111 0111111-
niae, 111 111111111111111 11111111 gr 111111 1111111111

1111111111111111111 1111111111,1111 111111
tepere 111111111151111111111, 11111 1111111111 ¹
1111111111 ·

¹ Sed 11111111 1111111 111 111 11101111111111 1111
811111110111111111111111111111111 111111
semperq 111111 110111311011111 111111
11111111111111113111111111 11111111, 111 1111111111 111
(111111111111111111111111 81111111111111111 ,1111111111
111 11 1111111111 1111111111111, 1111111111111111

111111111111,11111111111 utramque 1111111111 ,
1111111

 

