14414404441. 4441. C44.XIII. 9799 ’

(4144 44 ’6999 9, 41 (969( 999699 69999 9796669 111114, 979 (·9699999999
966, 969999 411444444. 1698. 84444 (9669996996 7969687999 9996999,

89999979 998 14044444444444444 999 411144404C44
(9989999999 Q (999966, 19444'44 1140, 669977η999.
66 (44 999996 (996969) 14 9979 4414 41144 99996.
V( 444 996999 9997999, Legionemsz 414414444144144441
4411111 441H149144411i1544144441g141411 669969 6969999999 Al441414444144 99999,

6677677666 (’(6’9(99999(9,9 441344444144344444 4144414141'4 41-40
((6 414 999·

444444441044444444444444444444 T44444444444441444

9966. 6669699 69996 96·. 16388 691999996699999(99999
(99((99999996696 66999969( 4444444 41441s414‚4 99 799069, 6696999999-
4440144'444 C14441 l.1.414d1695..8 0969999699 (9979997999-
(699(99 967] 7766699999( (9999996969 44444444444 1414 99696999, (4444-
(4444, (444404 4444, C444440.01444444. (3999799999,
6,)79999 66697 999999· 144141: 44414444104 (99966969

414104440'11441117411? 4444441:447444444444444149441104444
99696999 14114 111141444· 44441-4441. 9999969( ’(6986 (9699)(
,6999996 17128. 4444111444441117 44⁴444.44 (99669999 ((6799 (9·-
6966· 414: ’69999969 (671( 0444 41,11144 (76.9( 99 01141441411
s1111411441414114114411444414144444114444411714. (444-4444
414441171104111144447144[14440114141144441114444441441441
4444441444144. 41713. p 769,

(444444144(111441411144111144041141114114141141-H0
1444 4444 ((6 6( 011 444]1444 44,1 (96( (79999669
796(9·.(6(9(,6’(·(6, 444514441111144413434141, ab 6 C4111¹10
401441111414 14411 (9966966777) 696999 4414411 (((6 669 4444, &444-4144
8444 (99999699 11414441441414.4 999( 444-411T4441 66996699699997979,
997 4444 114M144²i1ti441414³441.

B4lr4449401lii4 (11411141111',⁴].144111'0444401e 904144 (9(-
9997999999 69 4¹ (96699 9696 669966 (969999 9966969999
14444444444444444444444444'4444441444167 999999(
4411111 969966. 9799

(6997999999 ,6799969999 444444444 6666969 69976. 144444444.
444444444414. (4. 1703. 444144441)1671.8. 4144444441444414444.
’ ’ Dd 3 444-444

a] 44411144444. 1713. 79. 369.

 

