1111111 11113133. 111.1;Cap.V111 123

77, 73111113 6711111113 13 3111111. 1131313113 data a.1645.'T. 3.
5Υ 7731131 11111111311111111133714 763, 311 3111111 131133111313111111. ,
,77111 111 vet 1111111111 1133701113111111831133131111110037311·
111 Ioannis 0311101131 1 p. 566

6183131311 1713 31111113111111311131113111311131, 11313 1116
7777771761111111-1611111113133113131111111113311111113117111113

31133111611111117111111 1111711 111711‘112111111'1‘⁷ 17113111
711313117111111131111611111, Similiter 111 1131331301317.
10 111111111337111311113171113 (1371131133111111111 3111113111,

111. Ε111311711313133163131111113 1¹e11st11111'111· 1111.
[7131331111 3111171 1111 1 ci) 31111331111711131111111113111113111 11 0-
11111 Hi 1137111111111111 11133111 cum 13117111· 31111 1113111
«1733131111177133 1331713133111111 Cato, 0313113113, et
Γ3113111111,111111117)13337311.331110111111111111711111111
7133311(111113113131331311)1113111011111111111113313113111
1111331, 1713111111131131711311111111111111111· 1311117113 con 1133111111,

111313111111113111811731311113,1769.1773,3117131 cum
11111833117311 1111111111631311113111117113 10111311311311· 31 371-
73111111131311133133311111111,11111111’1111131111111311111111 3111311113
1131111111331 1117113 1’111113111,1 11311 7111111111 1111 11111, sed 31
111131131101111137111331111711·; 31111111111131131311111133
1111111· 311111113318111117111,3117111 11111111111111713111111771·188,

1111131371311 (11311131 37133111111Ρ11 [61113111. Etiam

appendicem H 8137111111 11111· 311 11111111· de 1113111713 3111111311-
11015918 P11e1 13133 11116131 111Ρ11711173 111113311311111111
11117113171133 3111131111 3131111111, 1·11111113’1111111711311113111131;1311
11311, 113331311111171 1311131111· 1131713 111,11011111 3111-
1311111311111111,·3 3117113 11111111) 113311111311111111111 1113
1331111311131111111 1131631131111131171111· adiunxit. 11178831,
3311316318, 3711111113111111, Ab 31), 1311171313 6311331333
111171133311111 111313111311131111111111131 7111111 1131117111
311113 311116111111,31711111111113711011113 111111, 1101311033,
1111 111 311111131111311111111111111 111 1311 1113113111, 171133111317113111813

71113111 1111111113 31113111, 711331 311 11111 1111111 11711133 1113311131 1111-

nibus,

1161113131 0713115 113111) 311 631111, ,111111111111311 1617163131 1111-
1111131111711371313111111111711711311, 111 11111111,1111 111 6111111111 1111173111 1111»

1111111616 1131331111 111, 1¹0 11111311 11 1717311111 7111611611113113.

 

