6611161161. 6166617116111. 311ἶ

8111629166113111111111611616111111111661(1.·,16761111111,
1111111116. 61111111)111111111111611·111111’1 1111 1161111 1161111611
. 333311· 11111111 11611111161111161811111111111 1666116666,
13111111 01111116111 61111 1611111111667. 11111111 1111161116 1111111116
’ ,11111111 [11113111 (1111111111 1111111 (11111111111111161116111111
,31133 0111111111 11116111 'A111 31 311·(111111811,·11’.161316,
113311161111,816163111.116136166611136116661111111111313161161

861111 6166Q .1(..111
Η(11.11111111·.1111111111111’(111111161111118111116616111611116111

1111 11111111161311131111..1111111111133131113111113
A1161617116111146 681161 16111 61111111111161111111 611111,
11111611. 63118 01111111611111111116111613111361111111611
1111111 (16111611111111111 [6111111111161111166631111161.
3 1611,311111.111661216316161316361661616311116116
1111161111111631611111111 1,)1. (1111611 116111661111611111111111111 1111811011
Γ, 1. 61111111111111 10111111 11161111111113 3711161111166111111116,
11111111( 111116 1331113311 3111111611 11111. 1613611111 133116
611111611111 01111111 1111111111111111111111611111161111161 1111111.
111111111111111111111111,1111111111 1111·111116601·1 11161111 8116111,
, 61131.111111.16131(1111111588. 611670811131161111111116
31111111 3111111111111 111111131611118611 116111 1.1-11661161 (1161· 1111111-
111111111,11·111113111111111116111111116111681111116611166
,111111 11111 0111111111 1111111111· ”01111111111111116, 11111161
11, 1161111616731661111111111311161811161
11611111111-,11111161111111111111111111611113613
· 11113116 1,) 1111· 111 161710171710111411'1167716111611161011111111
111·1’,1,1311,1671,113,11111111611161,
. 11111111111113)11111111311··11)1111(1111111,116111611111611
j 111163111111111311111111111(11111111111616111111111111111111111)
1111111111 1111111111111 1161161116 6566641s6 111111311-
, 1.·13111111 111 1811111111, ’1111111116 1633, 8811· 1616868 61 11111 1,(1
’ 161711 3 81161111 111311111111611111 116111166116111161111111
4 11133 1;·.·’1111,1(116131.3111311161111111166111161111111111.
1161·

11) ’111111111116111 6111611111) 1113311111 11166116111666111111 1611111'61161·
j 1111111111 3. 33111111111111188 1111 1111· ’,1111111116111111111181 6111111111.
j 161-1111. 1111111111 1161161111 11111111 1111. ”.161161633 3113111 ,1113116616
’ 1663 3 111111 311111161111111· ’1111111116 111131111136111611111 113111.1111111611

 

