3011101003, 1111001051ἷί

10001 11110
1110113,11013111, ·

03113113 74 0111111· 1111301111 111111
1103111111101111111 PC724. 1111111111 111444'1414 44114141
1111) 11111 113113101301111111031301,1031100111.
(1111313 3111111101111 13,ῑὶ 111111 11111 0161111. 1011111111
11141441 441141511144414410 10111031 1131 10111031111110
11011321 72241447 . ·
1144141144 4411 113Εο 414 Ex14141114 4141444 1111000100 111110·
411 00101 10111101 11101001 41 XX 411404 0310101011οῃ 11100,
4447144414144 10111111 11131011 1111011313 1131113111 1133, (1110011111 13110-
0011010101011111101110Ηο3011111111 00111011131311011013301113
eum 3111111101310111111111113 011 111 11110 4401411 30110.
110000111111111311111010010,0.Τ11101111111001101,3.011111
1104110100 1'.111111,5C 144',4111 6.]174111s114 11,1.1Ᾰ1110010-
0110, 1.Το1011111111 ,01000010 ,.141D1'1'.0111,11. 11011 1111·11
114,12 (1110111100, 11, T1'14 1001110 44.D111114411'1,1 1 1Ε.10-
00001100, 14. 4144071414, 17 Αο1 11701',4 11Ε111 110010,
11.”1Ρ100100100,3 4420 T1'141 100010 11144111414124114141
11111010 1010011130 016113 t.16.978 ,111111 101111 101-111110
0130111131131111,110110111003111311013,31311Ρο11101110,31(
3103· 1144'41444441, graece 03010 11113, 1111113111 10111111 0113
0010011111111311001111111131301121 1113113111 110 1101111100 P44
144111 04144711411417114 0011111131110010010113111,11130103 1111110
11110110011101111313303110 147144411 11111130 11111113, 474411 111130
11011131111113111111.831311101111031313311102011011110
0000110110 1003, 3131111310111011111110110, 1101310010
001111011111011101 111 144414110114111 (1101131131 1103011111-
1011111131111101011101011131103,3111110113 10111313111111111
21010001001010113, 1113111113 3111131110131101011311310
1011313101111111111011111331113 00101011101111101111111111
G3 Sed·

47 414444144s 111 Lucullo, 00113010.

 

