393. (1((1101111 3(1311·(11

M13et3111i113 31113313 1133. 31111111( 1313'1113313111 (111111111111111111
111,,11111111113 11131( 1111131311) 11111111111313131, Nm
(31111111311111111111 1111111113 (1111(111111111(11111131,ἱ
Μ ΜΜ1(Μ’οΜ(μ(( uumu1mmeM0m
(111·111(31.3.1171 (’1((1111(11113(((11(1(1111113333
1111111111111111111111111311· ·

((11111111113((11]111111111111113,31111111111111111111111-(11111
1111111111111311111(111111111111((1111,1’(11,1·11·11
ὥς( 31Η( (Μωυ111Μ1ΜΜΜΗΜ
1311(11((11131(113,1,.13(1411071111,(13(1(,·(1(111,,3),(1111
(1111113111111111311,1111111111 11111113111111111111133
ΜΜΜ Μω11ΜΜΜΜΜΜΜΜΜΗ1113
11)((1, (1111311113311131111111111( 11,.11111’1,11((··111111111(1(·(111,1(1
(Μ11Μ11Μ11Μ1113 {Vldmh334
G11¹11111 1,·11111111111 (11·1111111111111( (·1 ’11111113 (1111111111111111111111
, 3111111 11111111111113111 (1111111111111311111(111111111111111111111131111
1131s3 311· 111111( 1113331111· 11( (1111111 1311( (11((1111111111133,
(1(111, 0311311101131331311113111 1111111111111111111 (1.1111((111(,

(1111111111111111(111111111111111(1111311111111111 111111. 1331313,

(1, 313121113110111) ,111111 (11·,111111111111 1111111111( 311111
11111311111111(11111111111111111111111 11,·,1 (111111111111111
b3333113133 113· 1,··11(1((111(( 1111111111, 111, (1111111111) 1113111111( ((1111,
1111111111111111111111·(111111111111, 11,(1, ·1111111111111111(
31111111( 11111111( (11111111131111 1,((1 11111131111311131111
(1111111111 111131111111111111(·(111(·.·,1(11 (111111113131111111111

(11111111,111111.11,11.111111, ’.’111111111111111Η111(

(1111111111 331 I’13 (1111)( 1131 ’111111 ((1413 31 1113111111 13111,
(1111111131 (13131111 1311! 11J1A111111l11 11111111, .’11133(1··11(11,1 153313
,1111111111111111111111(.,11131111(1111113111(11111111111111

1111311311 (1111111131 1111331111 (1111( 31111111111311 11111111(1111111111111111111
1111131111( 111-(11111111 (1111111 3111113111131111 (11111131111131131,

. (11113111

1111111111111 (111311111111111 11111111111111 111111111111111131·
. 3111111311( 11111111111111311333111, (1111111111(1((1113111111111111113
’ (11111111311111111111111 1311111131333. 3331.) 11111131111111111( (1111111111,(1 (1111111111
((111111111111τ1111111111, 1133 111, (11111111111131111.3,3ν331 1311. 11111111(

(11111113111111111111111111111,1111111( 3131. (11( (11((1111111111 11111111
(11111111111111111111((111111111111311111111,(1111111111,

(1111111 (31111111111131131, (1111111111

 

