210 1111111111

[6111111111111111117111717111111, ,1177111117 17177777
1[Μ’(1111111111111.·1117,1111·11
11111111111111111111, 1111111711 ,111111 111111 1111117
11111111111711111111111 1111 1111, 1111. 1,1111 11111,111111111·’
11711171111111711111 111111111111111111111111111 1111111777111171111
1111111111 111 1111111111111117111111.’>11111,11111111,111777
111111 1111111111111111111 1111111 11111111711111 11· ,11111111 1111111177
11111,111111111·1111111,1111 11711111111771117111111111111 ,1111111111
11111111771171177111111111, 711111111171171177777777
11111111111111111171111-11111111,(71111111111111111111111117177,
111111 111111,111111111111111111111111111,11111117111111111111177111177,
111111111111111,1111111111,1111111·111111111111111111 111 11111111,

1111111111, 1111,1,1·1·,·.71111 11 11 ·11111111 111111111· 11117111.
11111111 11111111111111111711111111111111111111111,171111
17111111111111111111111111111 111111111111111111111111111,
11111111111111111111111111·,1111111111111111111111111111111111, 1711111111
111171111111111111111111111111111111111111171111111111111111117
11111117 11711111111171111111111[11111111 17111177111111111
11111 (,11111111111111111 11111111 11111 1·11··111111111,·1111,111111111
’111111111111111771111111111111111111111·7111171111 11.·11111111111111,1
17111 1111111111111111 1111111111 111111 11117111111111111111111111117
11111111111111111 1,1 1111111111171111111111111111111111
1·1111111111111111111111111111111111111111 1111111111111111111111111111111
11111111711111111111111111111111111111111111111711111111
,11117111111111111111111111111111 1111111111111,111’1’11111111
1111111111 111111111 11111, 1111111111111111111· 1111111117111111111111117·

1111711111)11111111111111111117111,117111111111 11171111117111111111111111
11111111111111 1111111

17. 111111111111171111 111111111111111111111,

111.1·111111111111717111111111111·1111· Ι,17117111111111111111111111
[1111111111. 11 111111111177717717111111111

1111111111 1111111 1117111111 71111111111111111111711111111,
11111111111111111111117111111111111111711111
11), 1·111·1111111711111111111111111111111111,111,111111111111111111111111·
7111111111, 171111111111111711111111111111111· (1111111111. 1111111111.

(,11, 71, 1161.

, 11111

 

