3613161636. (11131. 01131111. 33(

Aeneidos 1611111113 ct 16611311613113 63· 11111361 11111. (3611166
3111116611, (3116111 131 1111316111 116111G1·10i111 1131 1,(11 1’1111311
Ἰ331316116111161111366 6(11(16Ε1(1611636136 (61.6 1666. 6 31636331
,11311 1613 V 331. 1116111 11, 3161.111( 1111111111 ‘V
(1131361 161111161111111111111161q 61116111, 1113111111 61· 1111616111
Ἰ161661131,1133(1,1 ·1(.116613611.311611.3.3.31631(11)1( 1·1‘1'1111111111]V[11s·
111611111316111 161( 111111111111311111. 1714. 4 1111313636
¹11 (11116131 1611611111611, VV1¹1V11 161113· 13611111111111311161-1161363136
Ι1161113111).11’11(11((3111311111 11111111.1)631111.11(11.1111113.1,3131.
¹¹seqq. 1131131111··1·(6131111 1111166 61611111( 1166116111611111
, 1111 ((11111661111111 11113131131113611111111611111331113,1133
Ὶ411613111( 6113111113 11161· 6313111361( 3311111111 1111116611161111111111
(1116111111 16161111111136(163161131611116111311616
11113 3111111111( 1111111113( 11111111 (1111113736, 4. 11011111. 1611161
116611111616111 3116 13613 111· 1111113361( (116311166131113, 61311 11136,
, 11111 1116 1161116 (11(· 1111111111 (11·, 1113111311 1113 11311111186111636113113
6111(161161131111.16(36.13 61113111111631661311313686131166131131.
163361111111111.
¹ , VVV. 1161116116( ’311366131113611116 (31611661113111336161616
11136111 311116 1,)111133 11111161111311111111 11131( 1113136113-
1161 (11111116 (131)(1111111311311316, 11161111( 3, (31116 11133367.
(11(11111111131631611 61) 16161611661661111. 11V1i1111111V111d.
(1611311 61131. 1:11.VV41.1 (.311.1 V11i1¹ 1116 (11111631131311316
611 11116111 11( 1111· 11111 11116 1111111 136111.3161111111131113611113116111,
(1611311111·(1113111113161·63161111. (361111161311113111111161111611.
116166611761. 3613116111161111131111311611613113161313113161111-1(
111111111611·(16111111161111(313111361111111131136 1,)611
111376 1116111 3111161111. 11111611(116111163361111(
311111 1166111611( (1111131, 6111631· 1161 3111111111 11111 3161111616,
1631(311.1·1(11·.111316111131663611(116116163137311613173.
3111.11161111111111111111111111111·-·«νΜ (113113111111116331111111111
(1161111111111113113(1(111ι1611(11,1111(11·11111113 3116111111(
1111111'1111141111111 4111 1111111 11113111 3111133131
(111111111133131313111111111131611111111111111111111113
V111111¹1111111111 (11111111,111111,1,173.111113

Nov111VVV 111111 1113113111 13113111. 01116( 111111 1111331 331111· 1616336313·
1²6²

 

