1111111111. ..1111111 02lest 219

,0011111111111111111111111111111111 1111111111, (1111
1111111113 01111111111111111111113111111111111111
1101111111,1111111111111111111111111111111.1111111111
01111111111111111111 1111111111111311111111111
0011111111111111111 1.111 1111111111· 1111111111111111111

0111111111411111.1111111111111111111111111
’10101111 1111111311111111111111111111131111113111111ιΡι,
,110111Α1111(ι11..1(1111ἰι(11111ι;111 1111111111111111111

,1111111 111111111111111111111111111 111111111111111111·
011, 1111111111,ιι1 11111111111111111111111113111111111

JHJJJJJJJJJ 0101111111111111111131111111111ι1ιι,(111111111111141111,
11011 J Ci2121¹2121INN121J1211¹2 1111111111111111111 edidit7
11111111 1111111111111111(1111111111,111111111111111111111111.
1111111111( 111111 1111111 11111 diu JNOINLugNIuniNn.
01111111111111111111111111111 1111111111 111111111111111111111.
11111 111. 11,.(1111 1.1 ,1111111111 1111111 1111111111 1111111111,
1111111111 1111111111 1111111 1111211. NNN· 111111111111111 1111111101
1111 1111111111 112¹. 111-(1111111111 1(····ιι.1(1 1111111111111111 1111111111
1111111111111, (111111111111111111111111111111111111111, 1111111
3111111111 11111111 111111111111111
1111111111111111111111111111111111111111113111111111111111
0611111111. 1111111111111111111 111111111111111111. 1111111111
,111 111111, 3111111111,1 1111 11111 innumeris Iocis 1111111111 e
SMS 11111 11111111111111111111111111111111111111111011111111111·
111111111111111 11··11 1111111111 1111110111 11111 NGNN 111111, 111111 11111 Sed
111111111111111111111 1111 11111 1111111111 111111 11·. 111-1111,11
1111111111111(31111111111111111111111111111111111, (1111111111
11111111111,(11111(111111111111111] 11111111111111111111
1111111111111 111111111111111111111111111111111111111
11111111111111 1111111111 L2221122¹12211s1 1111111111111111
11111·(,] 111, 11111111111111111111111111 111111111111111111
1111257J. 1111111111101111111. 11111111101111111111111111111
11111, 11.,1111111111111111111111111111111111011111111111111311
1111111113· 1111( (·ιιιιιιιι1ι 1111( ιιι, 1111111111111111111111111111111
11111111111111111,111113111111111111111111111,11111111111·1ιιί

11111111.(31111111111111111111111111111111111111611111·
sN'NNINNNJ

 

