1404441. 1:14404444. 1141

1711011111144440 4475 40441141011144111110444104441101.
4³22 ·. 1110141144440144411011414141 145 040144 1184144·
,11444110114011411476 (14111001 1444701414

Porro 07011 01 114471 14144 1141147-

77701410100110140140143,101.01104401,11431 101,
4411411 1011· ,41 01 ’4114014411 ,101701
’ ’114114 41141044414104141 Editio,
11141440 1410144701114444 441410
Ἰ0510,104401114044111014411414,41704701
Ε1411441114144 811001, 411144 1114111· 1 04444 14441.

Ἰ14441ἷῖ1414411414114017014 14114144 4111
,4, 0114011141444110 14101044 440 1111

140140100110141471704410 , .,
,141411 [4444 40 cognitione cum 1401144140 comm-:11-
1410404Ὲ411114411104440110, (31414114007110114144 41741.

4 1496. 4. 701 1011, 4,
101, 77011 1111411·

144111404101, 11711, 1546. 4411. 711440 1108,
01044114 0 1711111117744444 1444411441 4513, 3, Ε111-
’ 111141, 1.] Q 5 11044044

 

