(77 773 777770 777( 77777077 ,6767077733 33

Ρ61911991191-115715993557Ρ10064663368·

6033( 3717437737,
7750111577( 3.,(73
Antiopa. 77, 603.
’ 7733707077( 3, 40, 77, 169,
¹iJJJJJ'JJJJJJ. 14543. ’
Τ 7770777. 7,(77. 7), 663.
71777737777777777770, 3,3,,80
7173777777( 77773 30
PJsJJ 69471733.
1999939977 974 4198·
256 3773, 377773 ‚155556
,797··(17979 9995999·
499459951795778,
136917 11677117 7,
7733, 348. J). 64770, 487,
¹ 77, 7737333.
ι773, 7777717, 363,

1777777( 770. 70, 733,

71777377 ·,3,,,·.1,(37 733.
71777 (7777 7( 731577· 7777777776 77.

, 773. 6, 74,
77777777737777.
71777777777777777, 773, 5600,

'PJJ'lJJst‘JJJlJJJJJJJJ³ 1155> Nn

, 3737. 770, 7, 300.
77771 JJJJJJJJJJJJJJG 7,(9.

PJ'JJJ ((7.777 ..3,3467, 7, 74.
76, 3,( ,703 ,3043 7530.
Jo.3JJJ. PJJJJJJJJJJJJJJJJJ JJJJJ

J.. 7, 66.

77 776377777777737767771, 338, ’

71777, 777773. ,3777 70 36
¹PJJJJ4 7707 7777 JJJJJJJJJJJJJJ

7777 1773333.

JJJ 7671· 7.·77 846

439 JJJ· 174175 j

777 ἶ7777(77077(,77(,6,37.303.

in 7773777 73337 7737733773.
933773-

70 9377737060, 770. 6, 444.

Ρ77773737670651117,
4743 ,775 ἰ’-677 JNJJJJJ

179· 51171191765 67. (73.7,
499 464 487.. 484. 303.
79 77747. 73767, 706.
9 49553683. 483. 7734.
9995 5555 1176303333,
3437767777Ι 43149
9955917 375..40770,,743
9556795· ((63.3 3,43
JJ-JJ 5717. J55.J
7777777777170 J..,GJ 734
JJJJJJJJJJJJ ((773, 9.(,3 308
(76.7 195.2.204¹ 4⁷

4917· ..1417364636

,777 9777777777, J). 648, 773757, ,

Aulularia. (7. 7., ¹93- 799.

, · 344, Ae. 77, 337. 633
’ζ 73763, ’

9773777777773773. Ε. 8, 37, Ae.
3, 13 ,6, 67383. 77 ,3.

CJJJJ 77777 G. 4, 336.

JfJJG0

777 7077177777 777. 77( 4, 434

70 ,7.63
(.’777777770770 7704 424.
608. 6, 393 8,,263648

77377777(οῗ4 777·,7671.
7177777·

 

