11111111111111111, 1111C1117111 183

11111111, 911·111111·1]11111111’1χ111 111111111111,1 111111111311
ps 1111, 1111 11111111), 91111 11111111 1311111 111111111111
,’1111111111111111111191111011111111111111111111111,’1311
111111113.1·1111··1’11111111111,1]1111111111111111111111·11111111
1111111)1·11111]1111111111 ]1111111111]111]1111 111-11111111
7111911111 111111 111111111111171111111111111111111111111
Ρ]1111111 1111‘111101111111 1¹¹1'V1111 1111, 1111111 1'1'11D111 1113VVV11
1111111111s011s 11]1111111111·1111111111111
1119111111 11111111111111] 11111] 91]·111 111,11 1111
119111111111111111111111111111111111 [1111111111
11111111101111111111111111119111111111]111111,11’,111111Ν111111111
11111111116111111111111111111,1111111111111111111119111
,11111111.1ς9ς.11).111111111311111111111111)11111111111111111
11111111ι’111111111111111]1111011111111111111111111111111111111 11111111-
1111111 V 11 ¹1101VV111111 (111 11],1]1,111·,113111111111’11113119111111 3111111
1111111]1.117111’111111111111111111111111111111111.
T1s111V 11111111] 11111111111111111111111 1111111111 Romae 911111,-
111111111111911111 ,1111111111 1 1¹1111 11)111·11111,11111,1 11111111, Ὶ3111111111,
1119111111)311]11111111,11(18.1ῑ(1.11111111111]31]111111·111,1·11
11111111Ρ1111111117111111191111111111]1111111111111]11,11111
0111111111,1)(11111111111111]71,]111ΝΝ11111111,·111111.11111111
111111111111111111111111111111171111 111111119111111111111111111.
111111 ¹1V11 1111111111 11111111) (1111111111 1111111111 111111110111 111111
11111191 11111·11111911111,1]11111111111111111]11
1111Μ1111111”11]911111.1 1111111111 1111 11 11 111111111111111111
11111111111111111101111111111111111191111
1516. 11111) 1119111 ’3391111 1]·,1]11111[11.1)111·1 111111 ,11]1111
1111111111111111111111911111) 111 1111111111111]
111111111·1]1111111311111111,8,,1111]111111111111111111
1111111111111111 111119 311]11,11111·11,11·111,19111,1. 91111111
1111111111111,1111111111111111111,111111111111111111111·,1111111]111·1··11·1
1131111 1111111 151313. (3111 1111· 111111 11911111 1111 11 111111'1 111,
1111111111 11111111111 111111111111, (1111
11111, 111 11111111111111111111111111111111111 V111iV15113.
’111561111111111111111119],1,11911111111111111 V31¹0«

,]111111,111111 [1111111. 6111111'11 1111111111111 11111 111 11111111
M1 111111-

 

