SS· ,. ’1ἘΚΕΝΤΙΙ

1111111111111111111111111111· 11111111 1111,1111·111·1111111111111111 11111111.
111111111111111111,(1111111111111111111111111, (11111111111111111111
1111. 1111111111, (111111 111111111111111111)1111111111,
, 1111111111. (3.1,111111111111111111111111111111111, 1111111111,
Ch. 1111111111 111111111137111111111111111·111111111111111111111111
111 11111111 1111 111111, 11111111 111111· 111 11111111 (11111111 11111111
11111111 11111 1111111111 11111111111111110 1111 1111111111 11111111(
11111111011111111111111111 1111111 ,11111111111111 111111111111q 11111,
1111111, 1111111111 1111111 1111111111,111111ω1111111111111
11111 151 (1111111111 0111111111111 1111111111111,11111111111
11111111 1111111111 (1111111111, 11111111 1111 111111 1111111111111111111·
1111111110111111,·’,111·1.1111111..1011(111111111111111111111111 525
1101111111119111111111111 11111111117 11111111,
111111 11111111, 11111 1111111111111111111111111 1111¹ 1111111 1111111 1111111 11111111.
1111111111111111111111111111111111111111111111 1) Ν1111111111111
1111111110111111111 1111 11ςᾳ111111111111, 11111111111111111111111
111111111111111111111111111011111111111111111111111·1111111111
1111,111111(5111111111'1111111‘q 11111111111111110111111111 111111111111111
11111111. 111111 11111111 11111· 111111 11111111111111111111
11111111111111. 111111 (11111111, 111111. 111111111111111111111,
11171111 111111 1 1111111111 1111111111
1111111111 11111111 11111, 11111111 111111111111111 111111
fet 1111111111 11111111 1111511111111 1111111· 1111111 11111 1111111111
11111111111111111111 111 1111111111 11111111
[1101111111111111111111;111111111111 11111 1111 11111111
1111111111 111-111111111111111111 [1111
(111111111111111111111(111111111111,111111111111 1111111 111111
’ ’1111111111 11111111 ¹111111 111111 (1111111111(1111111111111.
1011111111118111111,111111111 (11111111 11111111 (111111 111111

111
11111111011111111 1111111111, 11111 11111111111111( 1111· 111111·
1111111110111101111111. ((11.1111 111111111111111111·111111111
55

11111111111111111111111·1 1111111111 111 11 111·

11111111111111111· 1111111111111111111,
1111111111

)WmmfflS1ffiwfflffl mwwm11mmu1mm
mm mmmmxwmw 1111NJ5SSMHQ

¹ 11111115111111111. 11111111 1111111 (111111,Ίῐ 1111111111111111111111
mmmffimmfflwm15 ΜΜ1

 

