886 , 1111111111

82 {8888 ,1111111111111111 1111111111,111·11111111111111
11111111111111111 1111111(1111111 (111111 1111111 8888888

111111111 1111111111111 1111111111 11, 11111(11·11111111111111111,,111

(1111111111
11111111111111111111111111111111(11111111,1111111111,

111111(111(111111111·11111111111111((”11111111·(’1 888 1888 8881
(11111111111111111111111111(1111111·1111111111·(1111111111111111111
111111111111111111 1111111111111 11,1,·11,,1111111 111(’(1·.·111(11((1’1·11·
· 111·111111,111111111·,11(1111111111·1’1111111111111111111111111111111111

(11111111, 11111 888 88888 888 ¹888 88 1111111, ,1111 888888'8'88

111111 1111111 111( 11Λ1 8888888' 111 888 1111111111 (1111(
1111111111 1111 888888888'888888 8 88 8 88888888·
1111 11111111111111· 111111111111111111111111111111111( 1111111111(11·1
11111111 11111111( (11·,111 111111, 11111111· 111·, 111111 1111111111,
11111111111111111111111 11111(1111,1.1111,(11 1·1(111111111111111111
V8881 11111111111111111111·11111111111111111 1(111(11’·.1,111 1111111111(

111111111111111111,1111111111111111111111( 8 888'88888888'„ 1·1,
8818 111111 11111111111111111111111111111111111111· 1

1
88

1111111111· 111 ,111

11111 888888888 8788). 8. 1111111 111111···11(1(11111 1

1111 (1111111111
1111,11111(1111((1111111(1111111((Τ··1111·1111111111111111 1111111111,

(1111111111, 888 888888888888 ,11111111111111111 1111111111 8
(1111111111,111111111111111111111111111.111111111111111,11
1111111111ΓἻ1111111111(111(111(111111(”“,,11Ι

1
11111( (1,,(111 111111111111111111 1·1(1111111ίι111111111111

111

1

11111 1·111111111111111 1111111111111111 (111111111111111 (1111111111
11(11·,11 11111111111111111111 1111111111111111111111111 111111111111

((111)1Ι“·(11(,((’,”(11(1Ι1ΙΙ(1 11111111111111111111111 (”111111111111111

11111111111111111111111111111111,111111111111( ((11111111111111111
(1111111111 1111111(1111,1111 (11111111

, 1·(1111111111111111111111111 1·1111111111111111111111111111111111,
, (111111 11111111111111111111111111111111111,1111111111111111111111

111111111111111111111111111111111111111111111111111111111111111111
(111111111(,(1·1· 11111111 ···111111111111111, 1111 11111 11111111 (11111·1.11111111
1111111111, 1·1(11111111111 11111111 8888· (11·. 11111111111111111· 11111

111111, ,(’111111111111111111111(1111111111 (111111111111111111
888

11111111111111111 1111111.

 

